733.77992	0.00340205606304305
733.7802404004	0.00325663572879376
733.780560800801	0.00311121539449286
733.780881201201	0.00296579506024357
733.781201601602	0.00280980178930203
733.781522002002	0.00264464053702715
733.781842402402	0.00247947928469368
733.782162802803	0.00243523077417975
733.782483203203	0.00240237867505637
733.782803603604	0.00236952657593298
733.783124004004	0.00232414199265654
733.783444404404	0.00226340585681048
733.783764804805	0.00220266972096443
733.784085205205	0.00214193358509683
733.784405605606	0.00197044340621316
733.784726006006	0.00179727061175106
733.785046406406	0.00165127236308701
733.785366806807	0.00155289558396369
733.785687207207	0.00145451880487529
733.786007607608	0.00135614202578688
733.786328008008	0.00131920666241159
733.786648408408	0.00128918164318501
733.786968808809	0.00127376635213764
733.787289209209	0.00129111527474966
733.78760960961	0.00130846419736785
733.78793001001	0.00132581311997988
733.78825041041	0.00132138833669426
733.788570810811	0.00131293831141461
733.788891211211	0.00130448828613195
733.789211611612	0.00128620958568797
733.789532012012	0.00124954465147025
733.789852412412	0.00121287971723951
733.790172812813	0.00113979336764183
733.790493213213	0.00105506904175849
733.790813613614	9.7034471587514E-4
733.791134014014	8.90384742222531E-4
733.791454414414	8.21897361301477E-4
733.791774814815	7.53409980380425E-4
733.792095215215	7.20070381857868E-4
733.792415615616	7.03909057647046E-4
733.792736016016	6.87747733441959E-4
733.793056416416	6.77416785096584E-4
733.793376816817	6.89381861923494E-4
733.793697217217	7.01346938746158E-4
733.794017617618	7.1331201556882E-4
733.794338018018	6.38795440913743E-4
733.794658418418	5.34345987426728E-4
733.794978818819	4.47943445707728E-4
733.795299219219	4.61936795494941E-4
733.79561961962	4.75930145282151E-4
733.79594002002	4.8992349507433E-4
733.79626042042	4.45134651527927E-4
733.796580820821	3.69622247790468E-4
733.796901221221	2.92471047578515E-4
733.797221621622	1.9221590956431E-4
733.797542022022	9.1960771550106E-5
733.797862422422	-8.29436646409812E-6
733.798182822823	-5.59270768080475E-5
733.798503223223	-6.87431520492765E-5
733.798823623624	-8.15592272905065E-5
733.799144024024	-1.02930707173319E-4
733.799464424424	-1.78011764511225E-4
733.799784824825	-2.53092821849131E-4
733.800105225225	-2.9862401379717E-4
733.800425625626	-3.16402751272249E-4
733.800746026026	-3.34181488741021E-4
733.801066426426	-3.48678872823054E-4
733.801386826827	-3.0245422222099E-4
733.801707227227	-2.56229571602521E-4
733.802027627628	-2.40891152883533E-4
733.802348028028	-2.61699761721086E-4
733.802668428428	-2.82508370566024E-4
733.802988828829	-3.03316979403579E-4
733.803309229229	-3.28676818671507E-4
733.80362962963	-3.54201075043285E-4
733.80395003003	-3.79725331424119E-4
733.80427043043	-4.19696079203816E-4
733.804590830831	-4.74071854709268E-4
733.804911231231	-5.28447630214724E-4
733.805231631632	-5.31132396953172E-4
733.805552032032	-5.28717968260682E-4
733.805872432432	-5.26303539568191E-4
733.806192832833	-4.0784046862934E-4
733.806513233233	-1.45107521379725E-4
733.806833633634	1.1762542586989E-4
733.807154034034	1.54660555656395E-4
733.807474434434	1.43513389853746E-4
733.807794834835	1.3236622405505E-4
733.808115235235	1.57321926028908E-4
733.808435635636	2.46555284222179E-4
733.808756036036	3.35788642447112E-4
733.809076436436	4.2502200064038E-4
733.809396836837	3.5590369910601E-4
733.809717237237	2.68256236256043E-4
733.810037637638	2.00095667500689E-4
733.810358038038	1.83691666138029E-4
733.810678438438	1.67287664775371E-4
733.810998838839	1.50883663406891E-4
733.811319239239	5.87554401830997E-5
733.81163963964	-5.12380620472741E-5
733.81196004004	-9.00666824377447E-5
733.81228044044	1.25485840343234E-4
733.812600840841	3.41038363124213E-4
733.812921241241	5.56590885905191E-4
733.813241641642	6.37738238994355E-4
733.813562042042	6.67385197068347E-4
733.813882442442	6.97032155142337E-4
733.814202842843	7.65327821256489E-4
733.814523243243	9.44451319788623E-4
733.814843643644	0.0011235748182572
733.815164044044	0.00133833621301835
733.815484444444	0.00157080572403631
733.815804844845	0.00180327523497178
733.816125245245	0.00201581647389494
733.816445645646	0.00215042404389912
733.816766046046	0.00228503161395106
733.817086446446	0.0024558284298401
733.817406846847	0.00265262570147617
733.817727247247	0.00284942297311223
733.818047647648	0.00305705114862548
733.818368048048	0.00334602485440073
733.818688448448	0.00363499856017597
733.819008848849	0.00392397226605375
733.819329249249	0.00426049866102789
733.81964964965	0.00462228457862454
733.81997005005	0.00497699937022707
733.82029045045	0.00511335440773209
733.820610850851	0.00524970944518874
733.820931251251	0.00538606448264538
733.821251651652	0.00562254181275762
733.821572052052	0.00593549432310721
733.821892452452	0.0062484468334568
733.822212852853	0.00652865444626183
733.822533253253	0.00680807209138554
733.822853653654	0.0070874897364101
733.823174054054	0.00737512663261849
733.823494454454	0.00767059661713234
733.823814854855	0.00796606660175103
733.824135255255	0.00826528294247335
733.824455655656	0.00878915934549858
733.824776056056	0.00931303574870969
733.825096456456	0.0097090457677817
733.825416856857	0.00993269130088434
733.825737257257	0.010156336833987
733.826057657658	0.010379982367169
733.826378058058	0.011026947043721
733.826698458458	0.0116908719965412
733.827018858859	0.0121844446025402
733.827339259259	0.0123469775626681
733.82765965966	0.0125095105227383
733.82798006006	0.0126720434828085
733.82830046046	0.0130610936820774
733.828620860861	0.0134824018506024
733.828941261261	0.0139037100191274
733.829261661662	0.0142847164700653
733.829582062062	0.0146079498742492
733.829902462462	0.0149311832783184
733.830222862863	0.0153889668923786
733.830543263263	0.0158762019385845
733.830863663664	0.0163634369849632
733.831184064064	0.0168784061726613
733.831504464464	0.0174510312151685
733.831824864865	0.0180236562578789
733.832145265265	0.0187421163040054
733.832465665666	0.0195133494729548
733.832786066066	0.0202845826419042
733.833106466466	0.0210139823432211
733.833426866867	0.0216302021246726
733.833747267267	0.0222464219061241
733.834067667668	0.0228626416877943
733.834388068068	0.0239814362637805
733.834708468468	0.0252216199729463
733.835028868869	0.0263619971144002
733.835349269269	0.0270589724199327
733.83566966967	0.027755947725218
733.83599007007	0.0284529230305032
733.83631047047	0.0296089930857416
733.836630870871	0.0309442026150615
733.836951271271	0.0322699733725675
733.837271671672	0.0335319070844774
733.837592072072	0.0347938407968351
733.837912472472	0.0360557745087451
733.838232872873	0.0372087811387016
733.838553273273	0.0382986845530959
733.838873673674	0.039388587967877
733.839194074074	0.040526307779898
733.839514474474	0.0418995335299386
733.839834874875	0.0432727592799791
733.840155275275	0.0445741931821957
733.840475675676	0.0458232677905985
733.840796076076	0.0470723423990012
733.841116476476	0.0484199950149655
733.841436876877	0.0505349545996573
733.841757277277	0.052649914184349
733.842077677678	0.0545211372178111
733.842398078078	0.0561408251211879
733.842718478478	0.05776051302399
733.843038878879	0.0593956072600802
733.843359279279	0.0615712432124942
733.84367967968	0.0637468791641363
733.84400008008	0.0662527311926687
733.84432048048	0.0691836591399938
733.844640880881	0.0721145870883589
733.844961281281	0.0750455150356839
733.845281681682	0.0771828894405592
733.845602082082	0.0792710255043528
733.845922482482	0.0813591615688875
733.846242882883	0.0841424971827562
733.846563283283	0.0876875799631269
733.846883683684	0.0912326627447554
733.847204084084	0.094013954969098
733.847524484484	0.0966976068787024
733.847844884885	0.0993812587883069
733.848165285285	0.102474619889123
733.848485685686	0.106128598972941
733.848806086086	0.109782578056759
733.849126486486	0.112384902499802
733.849446886887	0.114725164933211
733.849767287287	0.11706542736579
733.850087687688	0.119256903432888
733.850408088088	0.121154485629379
733.850728488488	0.123052067825196
733.851048888889	0.124949650021013
733.851369289289	0.128265142986613
733.85168968969	0.13178935103679
733.85201009009	0.135349530709069
733.85233049049	0.139017643235073
733.852650890891	0.142685755761078
733.852971291291	0.146353868288384
733.853291691692	0.151357006732514
733.853612092092	0.156724590686451
733.853932492493	0.161841337308564
733.854252892893	0.165922872667363
733.854573293293	0.170004408026163
733.854893693694	0.174085943384962
733.855214094094	0.178484526744516
733.855534494494	0.183000000030231
733.855854894895	0.187515473315947
733.856175295295	0.192281879446099
733.856495695696	0.197865135027381
733.856816096096	0.203448390608662
733.857136496496	0.20787996255189
733.857456896897	0.211676263366843
733.857777297297	0.215472564180449
733.858097697698	0.219388651180755
733.858418098098	0.223850135246335
733.858738498499	0.228311619313499
733.859058898899	0.232176676199532
733.859379299299	0.235569984282314
733.8596996997	0.238963292366301
733.8600201001	0.242333262373026
733.8603405005	0.245478148394063
733.860660900901	0.248623034415101
733.860981301301	0.251767920437253
733.861301701702	0.256650130837005
733.861622102102	0.262554732922832
733.861942502502	0.268399198490898
733.862262902903	0.272762687945621
733.862583303303	0.277126177398795
733.862903703704	0.28148966685197
733.863224104104	0.286357535289918
733.863544504504	0.291649223587232
733.863864904905	0.296940911884546
733.864185305305	0.301486196294259
733.864505705706	0.305994576539477
733.864826106106	0.310502956783096
733.865146506506	0.314003857250678
733.865466906907	0.316449723091529
733.865787307307	0.318895588933247
733.866107707708	0.321369953056438
733.866428108108	0.325000459184094
733.866748508509	0.328630965313038
733.867068908909	0.331565998440675
733.867389309309	0.333467920953989
733.86770970971	0.335369843467304
733.86803011011	0.337271765981293
733.86835051051	0.338390361866103
733.868670910911	0.339457111709338
733.868991311311	0.340602813441014
733.869311711712	0.341896819761958
733.869632112112	0.343190826082902
733.869952512512	0.344484832403846
733.870272912913	0.346488509412487
733.870593313313	0.348615670786041
733.870913713714	0.350742832159595
733.871234114114	0.353736402059896
733.871554514515	0.358100195756137
733.871874914915	0.362463989450829
733.872195315315	0.364790864920145
733.872515715716	0.366598488358825
733.872836116116	0.368406111796864
733.873156516516	0.37017898930333
733.873476916917	0.371882097397091
733.873797317317	0.373585205491457
733.874117717718	0.374486216150855
733.874438118118	0.375060767619065
733.874758518518	0.375635319087275
733.875078918919	0.376192180075472
733.875399319319	0.376694910527606
733.87571971972	0.37719764097974
733.87604012012	0.377700371432052
733.876360520521	0.378035934972245
733.876680920921	0.378324869183598
733.877001321321	0.378735453927981
733.877321721722	0.379783855716063
733.877642122122	0.380832257503774
733.877962522522	0.381880659291485
733.878282922923	0.385771405944258
733.878603323323	0.390905024364722
733.878923723724	0.395834067853765
733.879244124124	0.399024072619513
733.879564524525	0.402214077386393
733.879884924925	0.405404082152141
733.880205325325	0.408518474812124
733.880525725726	0.411590490484579
733.880846126126	0.414662506158125
733.881166526527	0.417923396805749
733.881486926927	0.422296081628259
733.881807327327	0.42666876645232
733.882127727728	0.429807398630225
733.882448128128	0.43195538297188
733.882768528528	0.434103367313535
733.883088928929	0.436351805557733
733.883409329329	0.439612360309941
733.88372972973	0.442872915062149
733.88405013013	0.445466301270834
733.884370530531	0.447303017461475
733.884690930931	0.449139733651465
733.885011331331	0.450975234353888
733.885331731732	0.452519429290343
733.885652132132	0.454063624226251
733.885972532532	0.455607819162159
733.886292932933	0.458498200350775
733.886613333333	0.462536533375161
733.886933733734	0.466574866398114
733.887254134134	0.469562997698284
733.887574534534	0.47249496016071
733.887894934935	0.475426922624177
733.888215335335	0.478900832139151
733.888535735736	0.483027549147799
733.888856136136	0.487154266157911
733.889176536537	0.490567032759239
733.889496936937	0.493866553480363
733.889817337337	0.497166074201487
733.890137737738	0.500007960238471
733.890458138138	0.502159610808305
733.890778538538	0.504311261378139
733.891098938939	0.506462911948737
733.891419339339	0.506429006732434
733.89173973974	0.506241329132231
733.89206014014	0.505462997048219
733.892380540541	0.503385508498073
733.892700940941	0.501308019948664
733.893021341341	0.499230531399255
733.893341741742	0.498215766940922
733.893662142142	0.497391296135694
733.893982542543	0.496743648515081
733.894302942943	0.496605541581972
733.894623343343	0.496467434648815
733.894943743744	0.496329327715706
733.895264144144	0.497320657046791
733.895584544544	0.498664755769807
733.895904944945	0.500008854493301
733.896225345345	0.50207160149418
733.896545745746	0.505830660224822
733.896866146146	0.509589718955465
733.897186546547	0.513177746746837
733.897506946947	0.516694919725133
733.897827347347	0.520212092703429
733.898147747748	0.52372019626991
733.898468148148	0.527199993971642
733.898788548549	0.530679791673375
733.899108948949	0.532345133880556
733.899429349349	0.532902813771937
733.89974974975	0.533460493663119
733.90007015015	0.533867591949721
733.900390550551	0.533463232717474
733.900710950951	0.533058873485371
733.901031351351	0.532654514253267
733.901351751752	0.532519692326605
733.901672152152	0.532504776965431
733.901992552553	0.53262714625366
733.902312952953	0.533963463076706
733.902633353353	0.535299779899752
733.902953753754	0.536636096723273
733.903274154154	0.538668724491642
733.903594554555	0.541154119513461
733.903914954955	0.543636499823521
733.904235355355	0.545926955609847
733.904555755756	0.548217411396173
733.904876156156	0.550507867182498
733.905196556557	0.553576834893358
733.905516956957	0.557280070453721
733.905837357357	0.560983306014084
733.906157757758	0.564779379870941
733.906478158158	0.569554223149486
733.906798558559	0.574329066426336
733.907118958959	0.577121760686493
733.907439359359	0.577633138756611
733.90775975976	0.578144516826547
733.90808016016	0.578655518338562
733.90840056056	0.578413591930558
733.908720960961	0.578171665522468
733.909041361361	0.57761804681275
733.909361761762	0.576615879058043
733.909682162162	0.575613711303336
733.910002562563	0.574611543548273
733.910322962963	0.572864998864964
733.910643363363	0.571048739582905
733.910963763764	0.569232480300202
733.911284164164	0.567286955970141
733.911604564565	0.565183409112917
733.911924964965	0.563079862255694
733.912245365365	0.563086171483927
733.912565765766	0.563437540239645
733.912886166166	0.563788908995363
733.913206566567	0.564648290673057
733.913526966967	0.566285682649383
733.913847367367	0.567923074625708
733.914167767768	0.569270625687996
733.914488168168	0.570533210458223
733.914808568569	0.571795795228003
733.915128968969	0.57292512434687
733.915449369369	0.5737563096147
733.91576976977	0.574587494882825
733.91609017017	0.574873024582049
733.916410570571	0.574944648945464
733.916730970971	0.575016273308904
733.917051371371	0.574762613492414
733.917371771772	0.573373971933741
733.917692172172	0.571985330375067
733.918012572573	0.570596688815901
733.918332972973	0.567708431813508
733.918653373373	0.564342297109309
733.918973773774	0.561298385396488
733.919294174174	0.559852152685983
733.919614574575	0.558405919975991
733.919934974975	0.556959687265998
733.920255375375	0.555061463522494
733.920575775776	0.552972666789371
733.920896176176	0.551118488617063
733.921216576577	0.551901458963763
733.921536976977	0.55268442931074
733.921857377377	0.55346739965744
733.922177777778	0.553672614905558
733.922498178178	0.553519620822952
733.922818578579	0.553366626740291
733.923138978979	0.553227657391813
733.923459379379	0.553166407370146
733.92377977978	0.553105157348458
733.92410018018	0.552989467526846
733.924420580581	0.552825722997977
733.924740980981	0.552661978469108
733.925061381381	0.55241433557511
733.925381781782	0.550993372477486
733.925702182182	0.549572409379863
733.926022582583	0.547974065936797
733.926342982983	0.54618063087958
733.926663383383	0.544387195822363
733.926983783784	0.542566765853777
733.927304184184	0.538487475962808
733.927624584585	0.534408186073286
733.927944984985	0.530328896183764
733.928265385385	0.526882050059315
733.928585785786	0.524027990772552
733.928906186186	0.521173931486802
733.929226586587	0.519885133079658
733.929546986987	0.518722014095633
733.929867387387	0.517558895112021
733.930187787788	0.516761386507366
733.930508188188	0.51639090210841
733.930828588589	0.516020417709322
733.931148988989	0.516427697784191
733.931469389389	0.516983630670021
733.93178978979	0.517539563555852
733.93211019019	0.517744859286817
733.932430590591	0.517366071254767
733.932750990991	0.516987283222716
733.933071391391	0.516608495190531
733.933391791792	0.514853354260372
733.933712192192	0.512963269365422
733.934032592593	0.511132822593781
733.934352992993	0.50942898972793
733.934673393393	0.507725156862684
733.934993793794	0.506021323997438
733.935314194194	0.502519520973667
733.935634594595	0.498714730573668
733.935954994995	0.495392267355995
733.936275395395	0.493648118767863
733.936595795796	0.491903970179112
733.936916196196	0.490159821590979
733.937236596597	0.488044315115496
733.937556996997	0.485817665075745
733.937877397397	0.483591015035205
733.938197797798	0.481477006674984
733.938518198198	0.479619387840677
733.938838598599	0.477761769005711
733.939158998999	0.47634465679432
733.939479399399	0.475131508934721
733.9397997998	0.473918361075122
733.9401202002	0.472400532714228
733.940440600601	0.46979679402718
733.940761001001	0.467193055340132
733.941081401401	0.465030905402236
733.941401801802	0.463129670327122
733.941722202202	0.461228435252683
733.942042602603	0.459124295491787
733.942363003003	0.455987175884678
733.942683403403	0.452850056278683
733.943003803804	0.449712936672687
733.943324204204	0.445596435108998
733.943644604605	0.440994384536642
733.943965005005	0.436476954899301
733.944285405405	0.43295919049192
733.944605805806	0.429441426084539
733.944926206206	0.42592366167591
733.945246606607	0.423251298102917
733.945567007007	0.421111243074496
733.945887407407	0.418971188045315
733.946207807808	0.417350074457807
733.946528208208	0.415733194258107
733.946848608609	0.414116314058408
733.947169009009	0.411913954011363
733.947489409409	0.409187144948148
733.94780980981	0.406460335884933
733.94813021021	0.403803111758473
733.948450610611	0.402179460043688
733.948771011011	0.400555808328904
733.949091411411	0.398922459040761
733.949411811812	0.397278286372854
733.949732212212	0.39563411370553
733.950052612613	0.393989941038206
733.950373013013	0.392170990772046
733.950693413413	0.390347915597382
733.951013813814	0.388361644630873
733.951334214214	0.386116257958406
733.951654614615	0.383870871285142
733.951975015015	0.381625484612675
733.952295415415	0.378894988541953
733.952615815816	0.376123463972394
733.952936216216	0.373351939401852
733.953256616617	0.370865118295983
733.953577017017	0.368715754473843
733.953897417417	0.366566390651702
733.954217817818	0.36479559315898
733.954538218218	0.363099122294897
733.954858618619	0.361402651430815
733.955179019019	0.359571427245592
733.955499419419	0.35751219908276
733.95581981982	0.355452970919927
733.95614022022	0.354440487219501
733.956460620621	0.353721587765892
733.956781021021	0.353002688312539
733.957101421421	0.35217758385209
733.957421821822	0.351086472653364
733.957742222222	0.349995361455025
733.958062622623	0.348904250256685
733.958383023023	0.346653270228845
733.958703423423	0.344149269643906
733.959023823824	0.34164946250644
733.959344224224	0.339163661764857
733.959664624625	0.336677861023275
733.959985025025	0.334192060280811
733.960305425425	0.330082217822414
733.960625825826	0.32547624711313
733.960946226226	0.321180813213383
733.961266626627	0.318727216313063
733.961587027027	0.316273619412743
733.961907427427	0.313820022512423
733.962227827828	0.311109026210761
733.962548228228	0.30827682354752
733.962868628629	0.30544462088428
733.963189029029	0.302434296670228
733.963509429429	0.298775337247691
733.96382982983	0.295116377826451
733.96415023023	0.292973727321613
733.964470630631	0.29174110473893
733.964791031031	0.290508482156686
733.965111431431	0.289251944612675
733.965431831832	0.287834381200293
733.965752232232	0.286416817787408
733.966072632633	0.284775249222529
733.966393033033	0.282941939728628
733.966713433433	0.281108630234727
733.967033833834	0.279236515129893
733.967354234234	0.276881538281627
733.967674634635	0.274526561433362
733.967995035035	0.272171584584261
733.968315435435	0.269723017672849
733.968635835836	0.267214607576234
733.968956236236	0.264706197479619
733.969276636637	0.262990711814573
733.969597037037	0.261284651402851
733.969917437437	0.259578590991129
733.970237837838	0.25783353235759
733.970558238238	0.256053024813774
733.970878638639	0.254272517269959
733.971199039039	0.252738606286652
733.971519439439	0.251222310522105
733.97183983984	0.249706014758097
733.97216024024	0.248149148340976
733.972480640641	0.246540162679371
733.972801041041	0.244931177017195
733.973121441441	0.24332219135559
733.973441841842	0.240791778546081
733.973762242242	0.238236076992713
733.974082642643	0.235897513686737
733.974403043043	0.233909079600319
733.974723443443	0.231920645513901
733.975043843844	0.229932211426778
733.975364244244	0.227320580562313
733.975684644645	0.224653552073212
733.976005045045	0.222179779636424
733.976325445445	0.220164224524772
733.976645845846	0.218148669413834
733.976966246246	0.216133114302897
733.977286646647	0.213811499837662
733.977607047047	0.211428186344399
733.977927447447	0.209044872851137
733.978247847848	0.206167811124035
733.978568248248	0.202442113065679
733.978888648649	0.198716415008646
733.979209049049	0.196189378948176
733.979529449449	0.194005753768616
733.97984984985	0.19182212858828
733.98017025025	0.189443316473025
733.980490650651	0.186566751692656
733.980811051051	0.183690186911267
733.981131451451	0.181772049646349
733.981451851852	0.180282157013045
733.981772252252	0.178792264379741
733.982092652653	0.177213850747908
733.982413053053	0.17533357783024
733.982733453453	0.173453304912572
733.983053853854	0.171573031994237
733.983374254254	0.169688094006428
733.983694654655	0.167801701685251
733.984015055055	0.165968259885756
733.984335455455	0.164458415064483
733.984655855856	0.162948570243746
733.984976256256	0.161438725423009
733.985296656657	0.159303549246965
733.985617057057	0.156868939778004
733.985937457457	0.154541086411162
733.986257857858	0.153352211280614
733.986578258258	0.152163336149645
733.986898658659	0.150974461019097
733.987219059059	0.149625517319012
733.987539459459	0.148165372279331
733.98785985986	0.146705227239132
733.98818026026	0.145237111383509
733.988500660661	0.143713532759311
733.988821061061	0.142189954135112
733.989141461461	0.141025456193611
733.989461861862	0.140172871468996
733.989782262262	0.139320286744381
733.990102662663	0.138397525264928
733.990423063063	0.136552794975843
733.990743463463	0.134708064686757
733.991063863864	0.133064582920431
733.991384264264	0.131668054879405
733.991704664665	0.130271526838876
733.992025065065	0.128874998798346
733.992345465466	0.126628333320945
733.992665865866	0.124368368851532
733.992986266266	0.122303198812113
733.993306666667	0.120537524822533
733.993627067067	0.118771850832327
733.993947467467	0.117006176842747
733.994267867868	0.115758584426991
733.994588268268	0.114569541462255
733.994908668669	0.113380498497098
733.995229069069	0.111921481113453
733.995549469469	0.110110445692088
733.99586986987	0.10829941027008
733.99619027027	0.1068457155187
733.996510670671	0.105458300844039
733.996831071071	0.104070886169379
733.997151471472	0.102523969811469
733.997471871872	0.100715843982353
733.997792272272	0.0989077181532377
733.998112672673	0.0976016148192026
733.998433073073	0.0964563086088208
733.998753473473	0.0953110023988455
733.999073873874	0.094212147558315
733.999394274274	0.0932253842604392
733.999714674675	0.0922386209629136
734.000035075075	0.0912518576653879
734.000355475475	0.0902523037624522
734.000675875876	0.0892501035768971
734.000996276276	0.0882355405389313
734.001316676677	0.0871814098824694
734.001637077077	0.0861272792260075
734.001957477478	0.0850731485691715
734.002277877878	0.0837047425825981
734.002598278278	0.0822273109345532
734.002918678679	0.0807923676398336
734.003239079079	0.079594592012645
734.003559479479	0.0783968163854565
734.00387987988	0.0771990407582679
734.00420028028	0.0759214402650445
734.004520680681	0.0746075583805956
734.004841081081	0.0732936764961467
734.005161481482	0.0719300219631886
734.005481881882	0.0703930448655931
734.005802282282	0.0688560677679977
734.006122682683	0.0675453614597241
734.006443083083	0.066384636396974
734.006763483484	0.0652239113346357
734.007083883884	0.0639631511213885
734.007404284284	0.062072059930292
734.007724684685	0.0601809687385245
734.008045085085	0.0587270129122198
734.008365485485	0.0576358661929544
734.008685885886	0.0565447194733018
734.009006286286	0.0554669592606892
734.009326686687	0.0546391655256763
734.009647087087	0.0538113717906634
734.009967487488	0.0529835780553568
734.010287887888	0.0517842622770323
734.010608288288	0.0503229215223955
734.010928688689	0.0488615807677587
734.011249089089	0.0477925980270891
734.011569489489	0.0467252277002352
734.01188988989	0.0456578573733812
734.01221029029	0.0444615206629162
734.012530690691	0.0431515006774792
734.012851091091	0.0418414806920421
734.013171491491	0.0408209719763307
734.013491891892	0.0398291757790619
734.013812292292	0.038837379582145
734.014132692693	0.0378185722851014
734.014453093093	0.0367661256989565
734.014773493494	0.035713679113185
734.015093893894	0.0346612325274135
734.015414294294	0.0332366713905567
734.015734694695	0.0318048808158125
734.016055095095	0.0305631424783241
734.016375495495	0.0296181240889051
734.016695895896	0.0286731056994861
734.017016296296	0.0277280873097317
734.017336696697	0.0269753456172432
734.017657097097	0.0262452077318391
734.017977497498	0.0255159426295057
734.018297897898	0.0247886729215962
734.018618298298	0.0240614032136867
734.018938698699	0.0233341335057771
734.019259099099	0.0229605847522757
734.0195794995	0.0226544696891312
734.0198998999	0.0223483546259868
734.0202203003	0.0219328397729792
734.020540700701	0.021335356056458
734.020861101101	0.0207378723401488
734.021181501501	0.0201270228331124
734.021501901902	0.019511806702194
734.021822302302	0.0188965905714939
734.022142702703	0.0182940247320853
734.022463103103	0.017722530718199
734.022783503504	0.0171510367041098
734.023103903904	0.0166514452172023
734.023424304304	0.0161828417649689
734.023744704705	0.0157142383127354
734.024065105105	0.0152520844365485
734.024385505506	0.0148109950500733
734.024705905906	0.014369905663598
734.025026306306	0.0139288162769662
734.025346706707	0.0135760501775642
734.025667107107	0.0132545130291149
734.025987507507	0.0129206684934107
734.026307907908	0.0125161277941459
734.026628308308	0.0121115870950247
734.026948708709	0.0117070463959035
734.027269109109	0.0112588791466034
734.02758950951	0.0107905439108107
734.02790990991	0.0103422951712638
734.02823031031	0.0101972020523236
734.028550710711	0.010052108933332
734.028871111111	0.00990701581439182
734.029191511512	0.00967891719304387
734.029511911912	0.00939495515705717
734.029832312312	0.00911099312096972
734.030152712713	0.0088342228085696
734.030473113113	0.00860420796937014
734.030793513514	0.00837419313008905
734.031113913914	0.00819213679320245
734.031434314314	0.0080504755709894
734.031754714715	0.00790881434877636
734.032075115115	0.00776838501961348
734.032395515516	0.00765283666775429
734.032715915916	0.0075372883158951
734.033036316316	0.00743058712081961
734.033356716717	0.00733441208727493
734.033677117117	0.00723823705376437
734.033997517517	0.00714206202025381
734.034317917918	0.00692594887083635
734.034638318318	0.00670889917700769
734.034958718719	0.00649184948317904
734.035279119119	0.00635198922126623
734.03559951952	0.0062811768365292
734.03591991992	0.0062103644518173
734.03624032032	0.00615893048517958
734.036560720721	0.00610950431587999
734.036881121121	0.00606007814656286
734.037201521522	0.00601907519988246
734.037521921922	0.0059887189492105
734.037842322322	0.00595836269852777
734.038162722723	0.00583635410217113
734.038483123123	0.0056983227448895
734.038803523523	0.00556029138760785
734.039123923924	0.00550985091435742
734.039444324324	0.00559828232089724
734.039764724725	0.00568671372743707
734.040085125125	0.00577514513400827
734.040405525526	0.00563831424296889
734.040725925926	0.00547396919391137
734.041046326326	0.00535345430500642
734.041366726727	0.0053348970316656
734.041687127127	0.00531633975833136
734.042007527528	0.00529778248499712
734.042327927928	0.00521522922989048
734.042648328328	0.00512014265126085
734.042968728729	0.00503574912586586
734.043289129129	0.00499051154915351
734.04360952953	0.00494527397242511
734.04392992993	0.00490003639571276
734.04425033033	0.00479433128025152
734.044570730731	0.00466848039270742
734.044891131131	0.00454262950511866
734.045211531532	0.00443078180872982
734.045531931932	0.00435394821584363
734.045852332332	0.00427711462295744
734.046172732733	0.00433161048175547
734.046493133133	0.00444369393027288
734.046813533534	0.0045557773787903
734.047133933934	0.00462830338997435
734.047454334334	0.00454214753155248
734.047774734735	0.0044559916731306
734.048095135135	0.00445244427631011
734.048415535536	0.00450192664708022
734.048735935936	0.00455140901783277
734.049056336336	0.00459727522378093
734.049376736737	0.00462175301407796
734.049697137137	0.0046462308043663
734.050017537538	0.00467070859465464
734.050337937938	0.00483109329017377
734.050658338338	0.00505537395683185
734.050978738739	0.00526977009458615
734.051299139139	0.00532504221485126
734.05161953954	0.00538031433511637
734.05193993994	0.00543558645540109
734.05226034034	0.0054868046461
734.052580740741	0.00553525277596254
734.052901141141	0.00558286371571971
734.053221541542	0.00539625236795007
734.053541941942	0.00520964102018043
734.053862342342	0.0050230296724108
734.054182742743	0.00493116903376135
734.054503143143	0.00492029974414203
734.054823543544	0.0049094304545227
734.055143943944	0.00490870795076482
734.055464344344	0.00513098892819778
734.055784744745	0.00535326990555188
734.056105145145	0.0055006143211421
734.056425545546	0.00555747671441357
734.056745945946	0.00561433910766486
734.057066346346	0.00567120150091615
734.057386746747	0.00559685473177835
734.057707147147	0.0055209944732586
734.058027547548	0.00548639761675709
734.058347947948	0.00552300938164019
734.058668348348	0.00555962114652329
734.058988748749	0.00559623291141938
734.059309149149	0.00564410229344945
734.05962954955	0.00569318839917706
734.05994994995	0.00574227450492209
734.06027035035	0.00570907400371815
734.060590750751	0.00557031118903436
734.060911151151	0.00543154837435057
734.061231551552	0.00540543362845137
734.061551951952	0.00539958291147247
734.061872352352	0.00539373219449357
734.062192752753	0.00529221202764589
734.062513153153	0.00503665179847229
734.062833553554	0.00478109156929869
734.063153953954	0.00465511302447232
734.063474354354	0.00456974074621025
734.063794754755	0.00448436846797848
734.064115155155	0.00441816817070548
734.064435555556	0.00439735057022244
734.064755955956	0.00437653296973201
734.065076356356	0.00435571536924897
734.065396756757	0.00429441253661122
734.065717157157	0.00422496829680994
734.066037557558	0.00417167258800121
734.066357957958	0.00417881483197746
734.066678358358	0.00418595707595371
734.066998758759	0.00419309931993249
734.067319159159	0.00408836765695383
734.06763955956	0.00394563295410289
734.06795995996	0.00382902682437496
734.06828036036	0.00385385841462203
734.068600760761	0.00387869000486028
734.068921161161	0.00390352159509853
734.069241561562	0.00387267602588876
734.069561961962	0.00381699281900979
734.069882362362	0.00376130961213083
734.070202762763	0.00372733726967103
734.070523163163	0.00376725474351324
734.070843563564	0.00380717221734129
734.071163963964	0.00378698002440203
734.071484364364	0.00372760502704826
734.071804764765	0.00366823002971556
734.072125165165	0.00359986360393014
734.072445565566	0.00347670366821097
734.072765965966	0.0033535437324481
734.073086366366	0.00324322984933232
734.073406766767	0.00314340701853222
734.073727167167	0.00304358418773213
734.074047567568	0.0029572652153606
734.074367967968	0.00310372813970007
734.074688368368	0.00325019106403953
734.075008768769	0.00339665398843097
734.075329169169	0.00345575861425469
734.07564956957	0.00345426067403026
734.07596996997	0.00345276273380584
734.07629037037	0.0033492672995616
734.076610770771	0.00324576230458063
734.076931171171	0.00314225730959967
734.077251571572	0.00314280084511449
734.077571971972	0.00323360071392945
734.077892372372	0.0033244005827122
734.078212772773	0.00333883683058463
734.078533173173	0.00334606699280694
734.078853573574	0.00335329715502668
734.079173973974	0.00332769109843315
734.079494374374	0.00326184737540294
734.079814774775	0.00319600365234938
734.080135175175	0.00329248401593224
734.080455575576	0.0034156424523901
734.080775975976	0.00353880088884797
734.081096376376	0.00359991554474564
734.081416776777	0.00356577518291974
734.081737177177	0.00353163482109383
734.082057577578	0.00349749445925581
734.082377977978	0.0034232805214873
734.082698378378	0.00334455484149029
734.083018778779	0.00334695859609234
734.083339179179	0.00353138562609909
734.08365957958	0.00371581265604041
734.08397997998	0.00390023968598172
734.08430038038	0.00392623838965277
734.084620780781	0.00392292805825368
734.084941181181	0.00391494425189487
734.085261581582	0.0038905976968254
734.085581981982	0.0038662511417473
734.085902382382	0.00384190458667783
734.086222782783	0.00383066169358404
734.086543183183	0.00382360803916549
734.086863583584	0.00381655438474445
734.087183983984	0.00377587343909571
734.087504384384	0.00365418112909852
734.087824784785	0.00353248881905814
734.088145185185	0.0034223615986765
734.088465585586	0.00331712445352636
734.088785985986	0.00321188730837622
734.089106386386	0.00315173398044678
734.089426786787	0.00326408471532361
734.089747187187	0.00337643545020044
734.090067587588	0.00348226066008794
734.090387987988	0.00358402985571862
734.090708388388	0.00368579905131318
734.091028788789	0.00376588353221174
734.091349189189	0.00372524724003671
734.09166958959	0.0036846109478761
734.09198998999	0.00364397465571549
734.09231039039	0.00362180881949984
734.092630790791	0.00360802461226197
734.092951191191	0.00358558769104793
734.093271591592	0.00344097869919868
734.093591991992	0.00329636970734942
734.093912392392	0.00315176071544885
734.094232792793	0.00299891545997388
734.094553193193	0.00284061870457242
734.094873593594	0.00268354574300151
734.095193993994	0.00263436094900289
734.095514394394	0.00258517615500427
734.095834794795	0.00253599136100565
734.096155195195	0.00253298279106709
734.096475595596	0.00256824597901971
734.096795995996	0.00260350916697233
734.097116396396	0.00264388588201258
734.097436796797	0.00277907200854389
734.097757197197	0.00291425813507521
734.098077597598	0.00294967663771621
734.098397997998	0.00286829022397014
734.098718398398	0.00278690381025294
734.099038798799	0.00270551739653575
734.099359199199	0.0027412973536364
734.0996795996	0.00277751822782925
732.32188	-7.18842678745326E-4
732.322158398398	-5.67659837957687E-4
732.322436796797	-4.16476997231781E-4
732.322715195195	-2.65294156444142E-4
732.322993593594	-1.13253354862101E-4
732.323271991992	1.04396359847132E-4
732.32355039039	3.22046074467484E-4
732.323828788789	5.39695789176716E-4
732.324107187187	7.58064823879395E-4
732.324385585586	0.00100357767294935
732.324663983984	0.00124909052191905
732.324942382382	0.00149491358380568
732.325220780781	0.00177667701640165
732.325499179179	0.00205844044888258
732.325777577578	0.00234020388147855
732.326055975976	0.00262377476673049
732.326334374374	0.00298974067342161
732.326612772773	0.00335570657996328
732.326891171171	0.00372096165358799
732.327169569569	0.0039179558479436
732.327447967968	0.00411495004237965
732.327726366366	0.00431194423673526
732.328004764765	0.00450882892295552
732.328283163163	0.00469942470876735
732.328561561562	0.00489002049450134
732.32883995996	0.00508061628031317
732.329118358358	0.00527340033215512
732.329396756757	0.00553688241440955
732.329675155155	0.00580036449655639
732.329953553554	0.00606297490696136
732.330231951952	0.00625816702305135
732.33051035035	0.00645335913922106
732.330788748749	0.00664855125531105
732.331067147147	0.00684014020790602
732.331345545546	0.00689498052351866
732.331623943944	0.0069498208391089
732.331902342342	0.00700462595865987
732.332180740741	0.00705528305684207
732.332459139139	0.00710594015504497
732.332737537537	0.00715659725322717
732.333015935936	0.00720635859093954
732.333294334334	0.0072150040692269
732.333572732733	0.00722364954751779
732.333851131131	0.00723229502580868
732.334129529529	0.00724144636870785
732.334407927928	0.00726487032033891
732.334686326326	0.00728829427196041
732.334964724725	0.00731140240217556
732.335243123123	0.00731621697825489
732.335521521522	0.00732103155433618
732.33579991992	0.0073258461304155
732.336078318318	0.00733061347950481
732.336356716717	0.00733384745739469
732.336635115115	0.0073370814352859
732.336913513514	0.00734010814980378
732.337191911912	0.00732691931036771
732.33747031031	0.00731373047092625
732.337748708709	0.00730054163149018
732.338027107107	0.00729363768105611
732.338305505505	0.00752663945244495
732.338583903904	0.00775964122392894
732.338862302302	0.00799264299531778
732.339140700701	0.00822520872743559
732.339419099099	0.00828496581425114
732.339697497497	0.00834472290109109
732.339975895896	0.00840430335346807
732.340254294294	0.0084557199349191
732.340532692693	0.00850713651639112
732.340811091091	0.00855855309784215
732.341089489489	0.00860571620347594
732.341367887888	0.0085323462127883
732.341646286286	0.0084589762220707
732.341924684685	0.00838709849514454
732.342203083083	0.00840240978649943
732.342481481481	0.00841772107784807
732.34275987988	0.00843303236920296
732.343038278278	0.00844211679012939
732.343316676677	0.00824801850488672
732.343595075075	0.0080539202195648
732.343873473473	0.007861894850064
732.344151871872	0.00783394046704927
732.34443027027	0.00780598608404596
732.344708668669	0.00777803170103124
732.344987067067	0.00775324753808674
732.345265465465	0.00785018006830209
732.345543863864	0.00794711259847786
732.345822262262	0.00804404512869321
732.346100660661	0.00813853453799012
732.346379059059	0.00817166605515229
732.346657457457	0.00820479757232798
732.346935855856	0.00823752915525173
732.347214254254	0.00825164704640918
732.347492652653	0.00826576493756087
732.347771051051	0.00827988282871832
732.348049449449	0.00829085970107534
732.348327847848	0.00821243732198068
732.348606246246	0.00813401494291804
732.348884644645	0.00805965943496028
732.349163043043	0.00822500391157223
732.349441441441	0.00839034838811665
732.34971983984	0.0085556928647286
732.349998238238	0.00871956481030181
732.350276636637	0.00883514740127843
732.350555035035	0.00895072999220784
732.350833433433	0.00906631258318446
732.351111831832	0.00918100908805804
732.35139023023	0.00916192596490403
732.351668628629	0.00914284284175782
732.351947027027	0.00912564107272956
732.352225425425	0.00918109387734318
732.352503823824	0.00923654668193416
732.352782222222	0.00929199948654777
732.353060620621	0.0093456111092266
732.353339019019	0.00935280099973904
732.353617417417	0.00935999089024854
732.353895815816	0.00936772647863411
732.354174214214	0.00940103848483945
732.354452612613	0.00943435049105839
732.354731011011	0.00946766249726374
732.355009409409	0.00950322141334043
732.355287807808	0.00960301326776629
732.355566206206	0.0097028051221514
732.355844604605	0.00980259697657726
732.356123003003	0.00990272997800678
732.356401401401	0.0100341484386789
732.3566797998	0.0101655668992973
732.356958198198	0.010291486761754
732.357236596597	0.0102361811522142
732.357514994995	0.0101808755426518
732.357793393393	0.0101255699330894
732.358071791792	0.010078385971457
732.35835019019	0.0102148284711728
732.358628588589	0.0103512709708328
732.358906986987	0.010485471179947
732.359185385385	0.0105325690009915
732.359463783784	0.0105796668220552
732.359742182182	0.0106267646430997
732.360020580581	0.0106703062309862
732.360298978979	0.0106238317179528
732.360577377377	0.0105773572049005
732.360855775776	0.0105308826918481
732.361134174174	0.0104856131168676
732.361412572573	0.0105195024825437
732.361690970971	0.010553391848206
732.361969369369	0.0105875316533135
732.362247767768	0.0106288624948571
732.362526166166	0.0106701933364175
732.362804564565	0.0107115241779611
732.363082962963	0.0107516401786556
732.363361361361	0.0106788252298151
732.36363975976	0.0106060102809449
732.363918158158	0.0105380538952722
732.364196556557	0.0106310381608006
732.364474954955	0.010724022426367
732.364753353353	0.0108170066918955
732.365031751752	0.0109121247109495
732.36531015015	0.0110556574873329
732.365588548549	0.0111991902637749
732.365866946947	0.0113427230401582
732.366145345345	0.0114820490584805
732.366423743744	0.0114064837889221
732.366702142142	0.0113309185193329
732.366980540541	0.0112635494593585
732.367258938939	0.0114044637548552
732.367537337337	0.0115453780504093
732.367815735736	0.011686292345906
732.368094134134	0.0118235820646643
732.368372532532	0.0117204122658252
732.368650930931	0.0116172424669441
732.368929329329	0.0115192519312681
732.369207727728	0.0115706375703667
732.369486126126	0.0116220232094443
732.369764524525	0.011673408848543
732.370042922923	0.0117237492340297
732.370321321321	0.0117526169850476
732.37059971972	0.0117814847360773
732.370878118118	0.0118120830720854
732.371156516517	0.0119002985787815
732.371434914915	0.0119885140854416
732.371713313313	0.0120767295921377
732.371991711712	0.0121605719276214
732.37227011011	0.0121448330432376
732.372548508508	0.0121290941588603
732.372826906907	0.0121133552744765
732.373105305305	0.012101384571114
732.373383703704	0.012283382763134
732.373662102102	0.0124653809552283
732.3739405005	0.0126368703184389
732.374218898899	0.0125402493041678
732.374497297297	0.0124436282899362
732.374775695696	0.0123470072756651
732.375054094094	0.0122555301934342
732.375332492492	0.0125086965600675
732.375610890891	0.0127618629265975
732.375889289289	0.0130043580447957
732.376167687688	0.0129377089329047
732.376446086086	0.0128710598210409
732.376724484485	0.0128044107091499
732.377002882883	0.012746049205865
732.377281281281	0.0128584948649997
732.37755967968	0.0129709405240884
732.377838078078	0.0130833861832231
732.378116476476	0.0132036381953688
732.378394874875	0.0136516484500712
732.378673273273	0.0140996587045906
732.378951671672	0.0145389926846634
732.37923007007	0.0147800522108469
732.379508468468	0.0150211117369321
732.379786866867	0.0152621712631156
732.380065265265	0.0154984955018353
732.380343663664	0.0154891789588133
732.380622062062	0.015479862415795
732.38090046046	0.015477552026955
732.381178858859	0.0156546997524815
732.381457257257	0.0158318474780804
732.381735655656	0.0160089952036792
732.382014054054	0.0161846941513532
732.382292452452	0.0163331428672838
732.382570850851	0.0164815915831538
732.382849249249	0.0166300402990844
732.383127647648	0.0167834598217746
732.383406046046	0.0171128615213903
732.383684444444	0.0174422632208714
732.383962842843	0.0177804299800307
732.384241241241	0.0182998346698888
732.38451963964	0.0188192393599591
732.384798038038	0.0193386440500294
732.385076436436	0.0198561946867315
732.385354834835	0.020295405089155
732.385633233233	0.0207346154913992
732.385911631632	0.0211741728097345
732.38619003003	0.0216216865039943
732.386468428428	0.0220692001984369
732.386746826827	0.0225167138926967
732.387025225225	0.0229679397435952
732.387303623624	0.023613235996575
732.387582022022	0.0242585322498184
732.38786042042	0.0249038285030617
732.388138818819	0.025555061021258
732.388417217217	0.026387757285479
732.388695615616	0.0272204535493598
732.388974014014	0.0280483825158481
732.389252412412	0.0287863730051688
732.389530810811	0.0295243634947908
732.389809209209	0.0302623539841115
732.390087607608	0.0310222231909594
732.390366006006	0.0325608595817364
732.390644404404	0.0340994959731418
732.390922802803	0.0356237280969011
732.391201201201	0.036849142056451
732.3914795996	0.0380745560165012
732.391757997998	0.0392999699760511
732.392036396396	0.0405173453564691
732.392314794795	0.041392886114879
732.392593193193	0.0422684268736464
732.392871591592	0.0431439676320563
732.39314998999	0.0440626255161277
732.393428388388	0.0461397429198296
732.393706786787	0.0482168603243796
732.393985185185	0.050252693388337
732.394263583584	0.0515729221463127
732.394541981982	0.0528931509048276
732.39482038038	0.0542133796628034
732.395098778779	0.0555754897438403
732.395377177177	0.0582238865042066
732.395655575576	0.0608722832656545
732.395933973974	0.0634811776692632
732.396212372372	0.0653425833454884
732.396490770771	0.0672039890209535
732.396769169169	0.0690653946971786
732.397047567568	0.070977838318941
732.397325965966	0.0747168462768528
732.397604364364	0.0784558542362915
732.397882762763	0.0821793849517141
732.398161161161	0.085580782660144
732.39843955956	0.0889821803671849
732.398717957958	0.0923835780756149
732.398996356356	0.0957450339964847
732.399274754755	0.0984665902330458
732.399553153153	0.101188146468496
732.399831551552	0.103909702705057
732.40010994995	0.106656116100675
732.400388348348	0.110073172640163
732.400666746747	0.113490229181046
732.400945145145	0.116928507950682
732.401223543544	0.120735672004671
732.401501941942	0.124542836057105
732.40178034034	0.128350000111094
732.402058738739	0.132179985798734
732.402337137137	0.136714200626419
732.402615535535	0.141248415452252
732.402893933934	0.145710250810146
732.403172332332	0.148798332150045
732.403450730731	0.151886413488683
732.403729129129	0.154974494828582
732.404007527527	0.158074425086021
732.404285925926	0.161600727345531
732.404564324324	0.165127029603601
732.404842722723	0.168653331863111
732.405121121121	0.172235889467078
732.40539951952	0.177170448877496
732.405677917918	0.182105008287914
732.405956316316	0.186957708992679
732.406234714715	0.190495547993547
732.406513113113	0.19403338699297
732.406791511512	0.197571225993837
732.40706990991	0.201209916519649
732.407348308308	0.207580970334252
732.407626706707	0.213952024146254
732.407905105105	0.220185864457249
732.408183503503	0.224027970654656
732.408461901902	0.227870076853632
732.4087403003	0.231712183052608
732.409018698699	0.235568356281267
732.409297097097	0.239860672230415
732.409575495495	0.24415298817781
732.409853893894	0.248445304126957
732.410132292292	0.252776065447711
732.410410690691	0.257939100231244
732.410689089089	0.263102135012668
732.410967487487	0.268186909363904
732.411245885886	0.272104048817449
732.411524284284	0.276021188272592
732.411802682683	0.279938327727736
732.412081081081	0.283870932681257
732.41235947948	0.288176623613672
732.412637877878	0.292482314544329
732.412916276276	0.296742766104661
732.413194674675	0.300274657885449
732.413473073073	0.30380654966768
732.413751471471	0.307338441448468
732.41402986987	0.310899843517345
732.414308268268	0.31526412890533
732.414586666667	0.319628414295096
732.414865065065	0.323992699684863
732.415143463463	0.328403285110541
732.415421861862	0.333724965778288
732.41570026026	0.339046646443861
732.415978658659	0.344291658225767
732.416257057057	0.348469393046106
732.416535455455	0.352647127868151
732.416813853854	0.35682486268849
732.417092252252	0.361037263520763
732.417370650651	0.366002687132853
732.417649049049	0.37096811074697
732.417927447447	0.375872238603239
732.418205845846	0.37985960276948
732.418484244244	0.383846966937349
732.418762642643	0.38783433110359
732.419041041041	0.391887052348371
732.419319439439	0.397522386617744
732.419597837838	0.403157720889419
732.419876236236	0.408716678675166
732.420154634635	0.413042405815554
732.420433033033	0.417368132954175
732.420711431431	0.421693860094562
732.42098982983	0.426009836410754
732.421268228228	0.43005940273354
732.421546626627	0.43410896905798
732.421825025025	0.438158535380767
732.422103423423	0.442191200355899
732.422381821822	0.445890236978997
732.42266022022	0.449589273603605
732.422938618619	0.453230375668979
732.423217017017	0.456063134915732
732.423495415415	0.458895894161328
732.423773813814	0.461728653408081
732.424052212212	0.464709632045886
732.424330610611	0.470921307429723
732.424609009009	0.477132982816097
732.424887407407	0.483181433229301
732.425165805806	0.486782635407675
732.425444204204	0.490383837584579
732.425722602603	0.493985039762953
732.426001001001	0.497580487502521
732.426279399399	0.501036064192767
732.426557797798	0.504491640883013
732.426836196196	0.507947217571849
732.427114594595	0.51148545324535
732.427392992993	0.516517786886161
732.427671391391	0.521550120529026
732.42794978979	0.526337905012002
732.428228188188	0.527929975036107
732.428506586587	0.529522045059562
732.428784984985	0.531114115083667
732.429063383383	0.53274209517373
732.429341781782	0.535081159045491
732.42962018018	0.537420222917253
732.429898578579	0.539635145037953
732.430176976977	0.540113955481384
732.430455375375	0.54059276592462
732.430733773774	0.541071576368051
732.431012172172	0.541568045292226
732.431290570571	0.542450735402805
732.431568968969	0.543333425513023
732.431847367367	0.544216115623602
732.432125765766	0.545097336675739
732.432404164164	0.545954085552387
732.432682562563	0.546810834429034
732.432960960961	0.547720544514133
732.433239359359	0.54928071131963
732.433517757758	0.55084087812449
732.433796156156	0.552401044929987
732.434074554555	0.55403854945852
732.434352952953	0.557078026294227
732.434631351351	0.560117503128692
732.43490974975	0.562997460438823
732.435188148148	0.563788302177796
732.435466546547	0.564579143917091
732.435744944945	0.565369985656386
732.436023343343	0.566186522823769
732.436301741742	0.567513479534384
732.43658014014	0.568840436244457
732.436858538539	0.570167392955072
732.437136936937	0.5714514775002
732.437415335335	0.572073729330116
732.437693733734	0.572695981159779
732.437972132132	0.573460963149591
732.43825053053	0.575878606750592
732.438528928929	0.578296250352581
732.438807327327	0.580713893954569
732.439085725726	0.583092690219232
732.439364124124	0.58482260490908
732.439642522522	0.586552519598221
732.439920920921	0.588151442132585
732.440199319319	0.588138221023548
732.440477717718	0.588124999914506
732.440756116116	0.588111778805469
732.441034514515	0.588030565891585
732.441312912913	0.586713215076689
732.441591311311	0.585395864261254
732.44186970971	0.58407851344582
732.442148108108	0.582783834363693
732.442426506507	0.581815044207945
732.442704904905	0.580846254052594
732.442983303303	0.579865432649513
732.443261701702	0.578644864428747
732.4435401001	0.577424296207483
732.443818498498	0.576203727986717
732.444096896897	0.575156245598827
732.444375295295	0.57678749206599
732.444653693694	0.578418738533819
732.444932092092	0.579911793227075
732.44521049049	0.579801585396328
732.445488888889	0.579691377565535
732.445767287287	0.579581169734787
732.446045685686	0.579494639675577
732.446324084084	0.579804678290441
732.446602482482	0.580114716905432
732.446880880881	0.580262405333156
732.447159279279	0.578407878549935
732.447437677678	0.576553351767471
732.447716076076	0.574698824984249
732.447994474475	0.572827036261002
732.448272872873	0.570640497669678
732.448551271271	0.568453959077461
732.44882966967	0.566267420486136
732.449108068068	0.564122402027062
732.449386466466	0.562575618526477
732.449664864865	0.56102883502526
732.449943263263	0.559597197715615
732.450221661662	0.559428402972327
732.45050006006	0.559259608229039
732.450778458458	0.559090813485819
732.451056856857	0.55896840110284
732.451335255255	0.559565631421624
732.451613653654	0.560162861740651
732.451892052052	0.560719315397509
732.45217045045	0.56080175655505
732.452448848849	0.560884197712558
732.452727247247	0.560966638870099
732.453005645646	0.561062710910568
732.453284044044	0.561387699808574
732.453562442442	0.561712688706579
732.453840840841	0.562037677604452
732.454119239239	0.562377266781983
732.454397637638	0.562913526738187
732.454676036036	0.56344978669461
732.454954434434	0.564006391756997
732.455232832833	0.564774457569158
732.455511231231	0.565542523381005
732.45578962963	0.566310589193166
732.456068028028	0.567111678517367
732.456346426426	0.568389710975229
732.456624824825	0.56966774343309
732.456903223223	0.570909023767276
732.457181621622	0.571746474307863
732.45746002002	0.572583924848108
732.457738418418	0.573421375388695
732.458016816817	0.574272091490309
732.458295215215	0.575329150241
732.458573613614	0.576386208991259
732.458852012012	0.577443267741951
732.45913041041	0.578365819487412
732.459408808809	0.577588200047585
732.459687207207	0.576810580607758
732.459965605606	0.576156730022776
732.460244004004	0.576724794468669
732.460522402402	0.577292858914331
732.460800800801	0.577860923360224
732.461079199199	0.578366848240519
732.461357597598	0.578033856589759
732.461635995996	0.577700864939135
732.461914394394	0.5773603797781
732.462192792793	0.57694186924852
732.462471191191	0.576523358718769
732.46274958959	0.576104848189018
732.463027987988	0.575729566614301
732.463306386386	0.575980106556231
732.463584784785	0.576230646498059
732.463863183183	0.57648118643999
732.464141581582	0.576841941351052
732.46441997998	0.578514233949502
732.464698378378	0.580186526547268
732.464976776777	0.581720563483573
732.465255175175	0.581955410668025
732.465533573574	0.582190257852574
732.465811971972	0.582425105037121
732.46609037037	0.582724613202231
732.466368768769	0.583843171045807
732.466647167167	0.584961728888927
732.466925565566	0.585841424225501
732.467203963964	0.5843588685057
732.467482362362	0.582876312785294
732.467760760761	0.581393757065494
732.468039159159	0.579923004856765
732.468317557558	0.57861196390555
732.468595955956	0.5773009229538
732.468874354354	0.575989882002049
732.469152752753	0.574691452587207
732.469431151151	0.573534724019613
732.46970954955	0.572377995452492
732.469987947948	0.571267315664016
732.470266346346	0.570824869663643
732.470544744745	0.570382423663089
732.470823143143	0.569939977662716
732.471101541542	0.569375640418139
732.47137993994	0.567357897353496
732.471658338338	0.565340154288029
732.471936736737	0.563265220471427
732.472215135135	0.560651974162122
732.472493533534	0.55803872785175
732.472771931932	0.555425481542445
732.47305033033	0.552794101043801
732.473328728729	0.549932529750031
732.473607127127	0.547070958455092
732.473885525525	0.544304923203208
732.474163923924	0.5424853316718
732.474442322322	0.540665740140392
732.474720720721	0.538846148609726
732.474999119119	0.537069500009399
732.475277517518	0.535875211512149
732.475555915916	0.534680923014412
732.475834314314	0.533486634517162
732.476112712713	0.532264006207197
732.476391111111	0.530722345803065
732.47666950951	0.529180685398302
732.476947907908	0.527697874631367
732.477226306306	0.526743275241715
732.477504704705	0.525788675852063
732.477783103103	0.524834076462801
732.478061501502	0.523901819933903
732.4783398999	0.523236512742467
732.478618298298	0.522571205550759
732.478896696697	0.521898295783457
732.479175095095	0.521153707436713
732.479453493493	0.520409119090272
732.479731891892	0.519664530743528
732.48001029029	0.518954266394083
732.480288688689	0.51868062970452
732.480567087087	0.518406993014957
732.480845485485	0.518133356325506
732.481123883884	0.517796084238629
732.481402282282	0.516780692450918
732.481680680681	0.515765300662792
732.481959079079	0.514704876102092
732.482237477478	0.513258347830168
732.482515875876	0.511811819558835
732.482794274274	0.510365291286911
732.483072672673	0.508982606236872
732.483351071071	0.508320010715019
732.48362946947	0.507657415193166
732.483907867868	0.507032249361005
732.484186266266	0.506743574285558
732.484464664665	0.506454899210229
732.484743063063	0.506166224134782
732.485021461461	0.505979478962669
732.48529985986	0.50701304011618
732.485578258258	0.508046601269269
732.485856656657	0.509080162422781
732.486135055055	0.510157084412741
732.486413453453	0.511672448043449
732.486691851852	0.513187811674158
732.48697025025	0.514407831472452
732.487248648649	0.513205093628662
732.487527047047	0.512002355785363
732.487805445445	0.510799617941573
732.488083843844	0.509618599040616
732.488362242242	0.508669449452847
732.488640640641	0.507720299865465
732.488919039039	0.506886778047608
732.489197437437	0.5070461563926
732.489475835836	0.507205534737657
732.489754234234	0.507364913082714
732.490032632633	0.507505756968812
732.490311031031	0.507437147533771
732.490589429429	0.507368538098758
732.490867827828	0.507299928663718
732.491146226226	0.507035494490184
732.491424624625	0.504888153131203
732.491703023023	0.502740811773098
732.491981421421	0.500672092658444
732.49225981982	0.499221355905776
732.492538218218	0.497770619152516
732.492816616617	0.496319882399255
732.493095015015	0.494901505483853
732.493373413413	0.493810909504626
732.493651811812	0.492720313525845
732.49393021021	0.491672332981349
732.494208608609	0.490974454189948
732.494487007007	0.490276575398262
732.494765405405	0.489578696606861
732.495043803804	0.488919388234347
732.495322202202	0.488672611417472
732.495600600601	0.488425834600496
732.495878998999	0.48817905778352
732.496157397397	0.487954111304909
732.496435795796	0.48792916326692
732.496714194194	0.487904215228942
732.496992592593	0.487769988626976
732.497270990991	0.486811608336844
732.497549389389	0.485853228046322
732.497827787788	0.48489484775619
732.498106186186	0.483872729079432
732.498384584585	0.482236714234183
732.498662982983	0.480600699389602
732.498941381381	0.478878797348111
732.49921977978	0.476480838420737
732.499498178178	0.474082879492383
732.499776576577	0.471684920565009
732.500054974975	0.469262873738427
732.500333373373	0.466596404740629
732.500611771772	0.463929935741742
732.50089017017	0.461290102999139
732.501168568569	0.458869422829222
732.501446966967	0.456448742659305
732.501725365365	0.454028062490376
732.502003763764	0.451613874443883
732.502282162162	0.449246724940985
732.502560560561	0.446879575437122
732.502838958959	0.444512425934224
732.503117357357	0.442130185686658
732.503395755756	0.439609467298279
732.503674154154	0.43708874890887
732.503952552553	0.43470817337277
732.504230950951	0.433385995270332
732.504509349349	0.432063817167895
732.504787747748	0.430741639065997
732.505066146146	0.429331275521775
732.505344544545	0.427070118284005
732.505622942943	0.424808961045311
732.505901341341	0.422573545143692
732.50617973974	0.420541042660939
732.506458138138	0.418508540179017
732.506736536537	0.416476037696264
732.507014934935	0.414442580633454
732.507293333333	0.412402471043632
732.507571731732	0.410362361453809
732.50785013013	0.40832225186482
732.508128528529	0.406276797861297
732.508406926927	0.404184534295597
732.508685325325	0.402092270729042
732.508963723724	0.399985286011805
732.509242122122	0.397771495384847
732.50952052052	0.395557704758792
732.509798918919	0.393343914131834
732.510077317317	0.390900742024157
732.510355715716	0.386349260750645
732.510634114114	0.381797779477133
732.510912512513	0.377477810023026
732.511190910911	0.374908719968977
732.511469309309	0.372339629915977
732.511747707708	0.369770539861928
732.512026106106	0.367293482208167
732.512304504505	0.365434013747671
732.512582902903	0.363574545287935
732.512861301301	0.361715076827439
732.5131396997	0.359763100980789
732.513418098098	0.357036488789863
732.513696496497	0.354309876598936
732.513974894895	0.351706413246839
732.514253293293	0.349962306931047
732.514531691692	0.348218200615967
732.51481009009	0.346474094300174
732.515088488488	0.344673756423065
732.515366886887	0.342380137738254
732.515645285285	0.34008651905438
732.515923683684	0.337807087365474
732.516202082082	0.335630725362147
732.51648048048	0.333454363357931
732.516758878879	0.331278001353715
732.517037277277	0.329004699469762
732.517315675676	0.326104360031342
732.517594074074	0.323204020594106
732.517872472473	0.320303681155686
732.518150870871	0.317329062728388
732.518429269269	0.313758863604199
732.518707667668	0.310188664481468
732.518986066066	0.306712173105834
732.519264464465	0.303865315614671
732.519542862863	0.301018458124671
732.519821261261	0.298171600633509
732.52009965966	0.2952849147448
732.520378058058	0.292064210670217
732.520656456456	0.288843506596949
732.520934854855	0.285715641602783
732.521213253253	0.283236477018438
732.521491651652	0.28075731243308
732.52177005005	0.278278147848736
732.522048448448	0.275933008099068
732.522326846847	0.274424293587165
732.522605245245	0.272915579075878
732.522883643644	0.271406864563975
732.523162042042	0.269766206912747
732.52344044044	0.267111099831574
732.523718838839	0.264455992751486
732.523997237237	0.261914130320681
732.524275635636	0.260105679211491
732.524554034034	0.258297228101563
732.524832432432	0.256488776992374
732.525110830831	0.254607254652262
732.525389229229	0.252138979823566
732.525667627628	0.249670704995879
732.525946026026	0.247293881672542
732.526224424424	0.245532316836405
732.526502822823	0.243770751999549
732.526781221221	0.242009187163413
732.52705961962	0.240309753344024
732.527338018018	0.238984769573026
732.527616416416	0.237659785801486
732.527894814815	0.236334802030488
732.528173213213	0.23487401272389
732.528451611612	0.232410685510026
732.52873001001	0.229947358297168
732.529008408408	0.227461249229128
732.529286806807	0.224832790682757
732.529565205205	0.222204332135314
732.529843603604	0.219575873588943
732.530122002002	0.216821557508781
732.5304004004	0.213098213227959
732.530678798799	0.209374868945616
732.530957197197	0.205874369724036
732.531235595596	0.203818885183963
732.531513993994	0.201763400643889
732.531792392392	0.199707916104655
732.532070790791	0.197405082230766
732.532349189189	0.193661430904769
732.532627587588	0.189917779577244
732.532905985986	0.18631614727179
732.533184384384	0.183671197753144
732.533462782783	0.181026248235579
732.533741181181	0.178381298716934
732.53401957958	0.175772806362928
732.534297977978	0.173384292513307
732.534576376376	0.170995778663685
732.534854774775	0.168607264815039
732.535133173173	0.166076628743586
732.535411571572	0.162495386097806
732.53568996997	0.158914143450564
732.535968368368	0.155421131173097
732.536246766767	0.152480082370359
732.536525165165	0.149539033568823
732.536803563564	0.146597984766085
732.537081961962	0.14351279857179
732.53736036036	0.139615464182943
732.537638758759	0.135718129794097
732.537917157157	0.131970374026653
732.538195555556	0.129193750998891
732.538473953954	0.126417127972263
732.538752352352	0.123640504944501
732.539030750751	0.120912189489069
732.539309149149	0.118465591067449
732.539587547548	0.116018992646827
732.539865945946	0.113572394225207
732.540144344344	0.111014036418397
732.540422742743	0.107661506182193
732.540701141141	0.104308975945989
732.54097953954	0.101119031427316
732.541257937938	0.0989112692763597
732.541536336336	0.0967035071263045
732.541814734735	0.0944957449753477
732.542093133133	0.0922747154619525
732.542371531532	0.0899813204705111
732.54264992993	0.0876879254800063
732.542928328328	0.0854760843670467
732.543206726727	0.083775057218694
732.543485125125	0.0820740300710359
732.543763523524	0.0803730029226832
732.544041921922	0.0786950971473166
732.54432032032	0.0771476162277375
732.544598718719	0.0756001353087904
732.544877117117	0.0740526543892113
732.545155515515	0.0724303146698082
732.545433913914	0.0702960319012887
732.545712312312	0.0681617491336407
732.545990710711	0.0661003016169889
732.546269109109	0.0644640995030033
732.546547507508	0.0628278973896859
732.546825905906	0.0611916952757004
732.547104304304	0.0595264831281307
732.547382702703	0.0577079884084832
732.547661101101	0.0558894936895782
732.5479394995	0.0541036036109196
732.548217897898	0.0525149112931292
732.548496296296	0.0509262189746901
732.548774694695	0.0493375266568997
732.549053093093	0.0477498079097425
732.549331491492	0.0461674052462302
732.54960988989	0.0445850025833641
732.549888288288	0.0430025999198519
732.550166686687	0.0414312423553425
732.550445085085	0.0399326558651831
732.550723483483	0.0384340693756356
732.551001881882	0.0369939448581309
732.55128028028	0.0358839684027645
732.551558678679	0.0347739919469449
732.551837077077	0.0336640154915785
732.552115475475	0.0325139707592929
732.552393873874	0.0311586984848693
732.552672272272	0.0298034262109991
732.552950670671	0.0285387609274397
732.553229069069	0.0278037105649138
732.553507467468	0.0270686602020877
732.553785865866	0.0263336098395618
732.554064264264	0.0256468120156852
732.554342662663	0.0252152441527207
732.554621061061	0.0247836762895799
732.554899459459	0.0243521084266154
732.555177857858	0.0238653777130531
732.555456256256	0.0230281543243257
732.555734654655	0.0221909309359401
732.556013053053	0.02136439112839
732.556291451451	0.0205962520830129
732.55656984985	0.0198281130373221
732.556848248248	0.0190599739919451
732.557126646647	0.0183226481939037
732.557405045045	0.0177384100162513
732.557683443443	0.0171541718383602
732.557961841842	0.0166025317238416
732.55824024024	0.0162351876445621
732.558518638639	0.0158678435652826
732.558797037037	0.0155004994861532
732.559075435435	0.0151283807730944
732.559353833834	0.0147317808855261
732.559632232232	0.0143351809977958
732.559910630631	0.0139450884251475
732.560189029029	0.0135930762296766
732.560467427427	0.0132410640343494
732.560745825826	0.0128890518388785
732.561024224224	0.012539003263165
732.561302622623	0.0121993523598447
732.561581021021	0.0118597014565245
732.561859419419	0.0115200505533429
732.562137817818	0.0112430895260568
732.562416216216	0.0112684230964773
732.562694614615	0.0112937566669082
732.562973013013	0.0113013507566173
732.563251411411	0.0112118669106045
732.56352980981	0.0111223830646283
732.563808208208	0.0110328992186155
732.564086606607	0.0109297155466404
732.564365005005	0.0107583976024967
732.564643403403	0.0105870796583529
732.564921801802	0.0103942381018905
732.5652002002	0.0100795737238156
732.565478598599	0.00976490934586912
732.565756996997	0.00945024496779416
732.566035395395	0.00915354343020589
732.566313793794	0.00894904057737516
732.566592192192	0.00874453772462794
732.566870590591	0.0085400348717972
732.567148988989	0.00831578196858234
732.567427387387	0.00799904200914213
732.567705785786	0.00768230204957259
732.567984184184	0.00739925169571868
732.568262582583	0.00729478525477369
732.568540980981	0.00719031881387135
732.568819379379	0.00708585237292635
732.569097777778	0.00696006676299679
732.569376176176	0.00673137473464118
732.569654574575	0.00650268270637896
732.569932972973	0.00631734453792325
732.570211371371	0.00636951846597062
732.57048976977	0.00642169239399667
732.570768168168	0.00647386632204404
732.571046566567	0.00649510535571011
732.571324964965	0.00636233489798523
732.571603363363	0.00622956444031455
732.571881761762	0.00609679398258967
732.57216016016	0.00594857140244579
732.572438558559	0.00573003873556344
732.572716956957	0.00551150606877034
732.572995355355	0.00531831357920134
732.573273753754	0.00525532295847816
732.573552152152	0.0051923323377807
732.573830550551	0.00512934171705752
732.574108948949	0.0050777961339746
732.574387347347	0.00507989945730296
732.574665745746	0.00508200278063047
732.574944144144	0.00506441573748736
732.575222542543	0.00494234026916777
732.575500940941	0.00482026480079833
732.575779339339	0.00469818933247874
732.576057737738	0.00461195618066412
732.576336136136	0.00469890702971102
732.576614534535	0.00478585787872241
732.576892932933	0.00487280872776931
732.577171331331	0.0049764241058266
732.57744972973	0.00515375597715585
732.577728128128	0.00533108784841268
732.578006526527	0.00543071611687548
732.578284924925	0.00514309691263989
732.578563323323	0.00485547770828685
732.578841721722	0.00456785850405125
732.57912012012	0.00437347770651133
732.579398518519	0.00460376275020077
732.579676916917	0.00483404779379617
732.579955315315	0.0050452082775891
732.580233713714	0.0051580000012121
732.580512112112	0.00527079172488116
732.580790510511	0.00538358344850416
732.581068908909	0.00548272686453798
732.581347307307	0.00551782994073618
732.581625705706	0.00555293301694872
732.581904104104	0.00558803609314693
732.582182502503	0.00565030619811099
732.582460900901	0.00582946445137434
732.582739299299	0.00600862270456453
732.583017697698	0.00619523324666542
732.583296096096	0.00641788846880653
732.583574494495	0.00664054369103856
732.583852892893	0.00686319891317966
732.584131291291	0.00703107881531842
732.58440968969	0.00695642506006669
732.584688088088	0.00688177130478448
732.584966486486	0.00679435383304257
732.585244884885	0.00664326069717303
732.585523283283	0.0064921675613035
732.585801681682	0.00634107442549567
732.58608008008	0.00620278727303716
732.586358478478	0.00612288342575675
732.586636876877	0.00604297957844372
732.586915275275	0.00599851030840606
732.587193673674	0.00609707557785523
732.587472072072	0.00619564084726415
732.587750470471	0.00629420611671333
732.588028868869	0.0063864495299124
732.588307267267	0.00644900016086724
732.588585665666	0.00651155079182208
732.588864064064	0.00657410142275138
732.589142462463	0.00662529932565996
732.589420860861	0.00662760533297771
732.589699259259	0.0066299113402964
732.589977657658	0.00664006158399813
732.590256056056	0.00668819071720209
732.590534454454	0.0067363198503864
732.590812852853	0.00678444898359036
732.591091251251	0.00681283846978961
732.59136964965	0.00675374122372066
732.591648048048	0.00669464397762758
732.591926446446	0.0066453960066153
732.592204844845	0.00663487617456196
732.592483243243	0.00662435634251292
732.592761641642	0.00661383651045959
732.59304004004	0.00660153637549021
732.593318438438	0.00658111180552274
732.593596836837	0.00656068723556362
732.593875235235	0.00654026266559615
732.594153633634	0.00652942987171635
732.594432032032	0.00655879374450493
732.594710430431	0.0065881576173055
732.594988828829	0.00660238690954703
732.595267227227	0.00654546071391679
732.595545625626	0.00648853451830979
732.595824024024	0.00643160832267955
732.596102422422	0.00638269119263468
732.596380820821	0.00636829853366524
732.596659219219	0.00635390587470167
732.596937617618	0.00634406629776421
732.597216016016	0.00635167334650279
732.597494414414	0.00635928039523827
732.597772812813	0.00636688744397685
732.598051211211	0.00639038271995156
732.59832960961	0.0064843625942689
732.598608008008	0.00657834246854785
732.598886406406	0.00667232234286519
732.599164804805	0.00677115674016123
732.599443203203	0.00688979670474555
732.599721601602	0.00700843666928142
731.51706	0.0155565957660172
731.517266955345	0.0153683975827665
731.51747391069	0.0151801993996192
731.517680866035	0.0149920012163685
731.51788782138	0.0148038030332211
731.518094776725	0.0149920971171757
731.51830173207	0.0151843967026756
731.518508687415	0.0153766962880699
731.518715642761	0.0155689958735699
731.518922598106	0.0157612954589642
731.519129553451	0.0156303766205191
731.519336508796	0.0152631626151405
731.519543464141	0.0148959486099638
731.519750419486	0.0145287346045853
731.519957374831	0.0141615205994085
731.520164330176	0.0137982567019419
731.520371285521	0.0134494837681207
731.520578240866	0.0131007108344912
731.520785196211	0.0127519379006701
731.520992151556	0.0124436236230013
731.521199106901	0.0123552777446881
731.521406062246	0.012266931866375
731.521613017591	0.0121785859881104
731.521819972936	0.0120902401097973
731.522026928281	0.0120018942315327
731.522233883627	0.011819601389152
731.522440838972	0.0116126175066712
731.522647794317	0.0114056336243041
731.522854749662	0.0111986497418233
731.523061705007	0.0112787624761989
731.523268660352	0.0114634346153846
731.523475615697	0.0116481067545703
731.523682571042	0.0118327788936546
731.523889526387	0.0120174510328403
731.524096481732	0.0121659881533936
731.524303437077	0.0122528809271578
731.524510392422	0.0123397737009221
731.524717347767	0.0124266664746386
731.524924303112	0.0125135592484028
731.525131258457	0.0126004520221193
731.525338213802	0.012518545098634
731.525545169148	0.01242919384116
731.525752124493	0.012339842583735
731.525959079838	0.0122504913262609
731.526166035183	0.0122613250136949
731.526372990528	0.0122777395149998
731.526579945873	0.0122941540163047
731.526786901218	0.0123105685176005
731.526993856563	0.0123269830189054
731.527200811908	0.0124310899508785
731.527407767253	0.012611281230287
731.527614722598	0.0127914725096956
731.527821677943	0.0129716637890051
731.528028633288	0.0130969016581982
731.528235588633	0.0131724021732868
731.528442543978	0.0132479026884167
731.528649499323	0.0133234032035052
731.528856454668	0.0133989037186352
731.529063410014	0.0135219815799065
731.529270365359	0.0140180878351712
731.529477320704	0.0145141940907083
731.529684276049	0.0150103003459729
731.529891231394	0.0155014011038935
731.530098186739	0.0159487157211789
731.530305142084	0.0163960303382186
731.530512097429	0.016843344955504
731.530719052774	0.0172906595725437
731.530926008119	0.017737974189829
731.531132963464	0.0181014089366346
731.531339918809	0.018427298211692
731.531546874154	0.0187531874869285
731.531753829499	0.0190790767619859
731.531960784844	0.0194049660372223
731.532167740189	0.0197917805622134
731.532374695534	0.0203038046293152
731.53258165088	0.0208158286966984
731.532788606225	0.0213278527638002
731.53299556157	0.0217698450687157
731.533202516915	0.0220210153181774
731.53340947226	0.0222721855675012
731.533616427605	0.022523355816963
731.53382338295	0.0227745260662868
731.534030338295	0.0230256963157485
731.53423729364	0.0232189229346921
731.534444248985	0.0234060667491829
731.53465120433	0.0235932105637765
731.534858159675	0.0237803543782674
731.53506511502	0.0245516460125515
731.535272070365	0.0254291504451063
731.53547902571	0.0263066548771791
731.535685981056	0.027184159309734
731.535892936401	0.0280616637418068
731.536099891746	0.0287895488723132
731.536306847091	0.0293570725944037
731.536513802436	0.0299245963161825
731.536720757781	0.0304921200382731
731.536927713126	0.0310596437600519
731.537134668471	0.03168559324747
731.537341623816	0.0330774376819816
731.537548579161	0.0344692821157287
731.537755534506	0.0358611265502403
731.537962489851	0.03719910084227
731.538169445196	0.0376983234439129
731.538376400541	0.0381975460455558
731.538583355886	0.0386967686469244
731.538790311231	0.0391959912485673
731.538997266576	0.039695213849936
731.539204221922	0.0407062202496257
731.539411177267	0.0419945568154631
731.539618132612	0.0432828933805928
731.539825087957	0.0445712299464303
731.540032043302	0.0453745046000604
731.540238998647	0.0459025893850415
731.540445953992	0.0464306741700226
731.540652909337	0.0469587589547136
731.540859864682	0.0474868437396946
731.541066820027	0.048226425041745
731.541273775372	0.0496893733353924
731.541480730717	0.0511523216290399
731.541687686062	0.0526152699218837
731.541894641407	0.0540782182155311
731.542101596752	0.0555411665083749
731.542308552097	0.0583651494609207
731.542515507443	0.0614056395568944
731.542722462788	0.0644461296511978
731.542929418133	0.0674866197471715
731.543136373478	0.0693980343913311
731.543343328823	0.0710340446224224
731.543550284168	0.0726700548535137
731.543757239513	0.0743060650837063
731.543964194858	0.0759420753147976
731.544171150203	0.078415660166193
731.544378105548	0.0819533726338569
731.544585060893	0.0854910851015207
731.544792016238	0.0890287975672412
731.544998971583	0.0921586831872721
731.545205926928	0.0946276321494426
731.545412882273	0.0970965811129695
731.545619837618	0.0995655300764964
731.545826792963	0.102034479038667
731.546033748309	0.104532475849578
731.546240703654	0.108605243477815
731.546447658999	0.112678011108289
731.546654614344	0.116750778738763
731.546861569689	0.120823546367
731.547068525034	0.124944276530775
731.547275480379	0.129067043408142
731.547482435724	0.133189810287774
731.547689391069	0.137312577167405
731.547896346414	0.141435344044772
731.548103301759	0.145344743086076
731.548310257104	0.149109383567619
731.548517212449	0.152874024051231
731.548724167794	0.156638664534842
731.548931123139	0.160403305016385
731.549138078484	0.16450406632214
731.549345033829	0.169715549428492
731.549551989175	0.174927032537706
731.54975894452	0.180138515646921
731.549965899865	0.185116603306089
731.55017285521	0.188982609606943
731.550379810555	0.192848615905673
731.5505867659	0.196714622206526
731.550793721245	0.200580628505256
731.55100067659	0.204446634806109
731.551207631935	0.210292009661983
731.55141458728	0.216601708457763
731.551621542625	0.22291140725701
731.55182849797	0.229221106052791
731.552035453315	0.234855952959565
731.55224240866	0.240267219930376
731.552449364005	0.245678486898214
731.55265631935	0.251089753869025
731.552863274695	0.256501020836864
731.553070230041	0.26238885938552
731.553277185386	0.26902945435697
731.553484140731	0.275670049324771
731.553691096076	0.28231064429622
731.553898051421	0.288951239264022
731.554105006766	0.295591834235471
731.554311962111	0.304681794801241
731.554518917456	0.313832312542016
731.554725872801	0.322982830287818
731.554932828146	0.332133348028594
731.555139783491	0.338653323977813
731.555346738836	0.345078868393601
731.555553694181	0.35150441280586
731.555760649526	0.357929957221649
731.555967604871	0.364355501633908
731.556174560217	0.372043923703851
731.556381515562	0.380750882110658
731.556588470907	0.389457840512683
731.556795426252	0.39816479891949
731.557002381597	0.405486983147933
731.557209336942	0.411643822805093
731.557416292287	0.417800662462254
731.557623247632	0.423957502116032
731.557830202977	0.430114341773193
731.558037158322	0.436208479418434
731.558244113667	0.441887509150667
731.558451069012	0.4475665388829
731.558658024357	0.453245568612013
731.558864979702	0.458924598344246
731.559071935047	0.464603628073359
731.559278890392	0.469874856127618
731.559485845738	0.475022722611283
731.559692801083	0.480170589092122
731.559899756428	0.485318455575787
731.560106711773	0.489993806146359
731.560313667118	0.494475129710102
731.560520622463	0.498956453273845
731.560727577808	0.503437776835127
731.560934533153	0.50791910039887
731.561141488498	0.513291128273599
731.561348443843	0.520350992775526
731.561555399188	0.527410857277453
731.561762354533	0.534470721775501
731.561969309878	0.540610692325292
731.562176265223	0.544460687305484
731.562383220568	0.54831068228779
731.562590175913	0.552160677270097
731.562797131258	0.556010672250289
731.563004086604	0.559860667232595
731.563211041949	0.562264503721307
731.563417997294	0.564547878220209
731.563624952639	0.566831252719111
731.563831907984	0.569114627216759
731.564038863329	0.571398001715661
731.564245818674	0.574343890160036
731.564452774019	0.577922979275704
731.564659729364	0.581502068391372
731.564866684709	0.585081157505073
731.565073640054	0.587833227500685
731.565280595399	0.589760869895887
731.565487550744	0.591688512292147
731.565694506089	0.593616154688407
731.565901461434	0.595543797083608
731.566108416779	0.597571581831941
731.566315372124	0.600624556433284
731.56652232747	0.603677531036304
731.566729282815	0.606730505639324
731.56693623816	0.609727906647683
731.567143193505	0.612072595807898
731.56735014885	0.614417284966826
731.567557104195	0.616761974127042
731.56776405954	0.619106663287258
731.567971014885	0.621451352446185
731.56817797023	0.623849975181886
731.568384925575	0.626275564703997
731.56859188092	0.62870115422744
731.568798836265	0.631126743750883
731.56900579161	0.633117438518936
731.569212746955	0.634880219834274
731.5694197023	0.636643001148645
731.569626657645	0.638405782463983
731.569833612991	0.640168563779322
731.570040568336	0.641924158298379
731.570247523681	0.643657527024076
731.570454479026	0.64539089574882
731.570661434371	0.647124264474516
731.570868389716	0.648857633200213
731.571075345061	0.650591001924957
731.571282300406	0.654352945572755
731.571489255751	0.658389240725923
731.571696211096	0.662425535881309
731.571903166441	0.666461831034477
731.572110121786	0.670011256872269
731.572317077131	0.673455269228785
731.572524032476	0.676899281583409
731.572730987821	0.680343293939925
731.572937943166	0.683787306294549
731.573144898511	0.688047064306229
731.573351853857	0.693270060557006
731.573558809202	0.698493056804914
731.573765764547	0.703716053055691
731.573972719892	0.707836902516196
731.574179675237	0.710302458396662
731.574386630582	0.712768014277127
731.574593585927	0.715233570156238
731.574800541272	0.717699126036704
731.575007496617	0.720224422462139
731.575214451962	0.724339205650342
731.575421407307	0.728453988838545
731.575628362652	0.732568772024488
731.575835317997	0.736683555212691
731.576042273342	0.740798338398634
731.576249228687	0.744673450899109
731.576456184033	0.748404409637283
731.576663139378	0.752135368373408
731.576870094723	0.755866327111582
731.577077050068	0.759232558574162
731.577284005413	0.762369403037564
731.577490960758	0.765506247500965
731.577697916103	0.768643091962643
731.577904871448	0.771779936426044
731.578111826793	0.774558671322337
731.578318782138	0.775923620701611
731.578525737483	0.777288570080885
731.578732692828	0.778653519459409
731.578939648173	0.779857377009227
731.579146603518	0.780381460027108
731.579353558863	0.780905543045276
731.579560514208	0.781429626063445
731.579767469553	0.781953709081326
731.579974424899	0.782477792099494
731.580181380244	0.785352779734673
731.580388335589	0.788891682074932
731.580595290934	0.792430584415192
731.580802246279	0.795969486753507
731.581009201624	0.799508389093766
731.581216156969	0.801858238088038
731.581423112314	0.802540947265761
731.581630067659	0.803223656443484
731.581837023004	0.803906365620833
731.582043978349	0.804193935014962
731.582250933694	0.803771235770217
731.582457889039	0.80334853652524
731.582664844384	0.802925837280263
731.582871799729	0.802503138035518
731.583078755074	0.802080438790541
731.583285710419	0.801520022574072
731.583492665765	0.800958772916878
731.58369962111	0.800397523259684
731.583906576455	0.799836273602799
731.5841135318	0.799108259636767
731.584320487145	0.798368678743776
731.58452744249	0.797629097850379
731.584734397835	0.796889516956981
731.58494135318	0.79614993606399
731.585148308525	0.795341165237654
731.58535526387	0.794480551423066
731.585562219215	0.793619937608005
731.58576917456	0.792759323792944
731.585976129905	0.792326055526148
731.58618308525	0.792298773702823
731.586390040595	0.792271491879514
731.58659699594	0.792244210056189
731.586803951286	0.792216928232864
731.587010906631	0.792154139011365
731.587217861976	0.791889094425677
731.587424817321	0.791624049840134
731.587631772666	0.791359005254446
731.587838728011	0.791093960668758
731.588045683356	0.790828916083216
731.588252638701	0.789812213503648
731.588459594046	0.788590695222212
731.588666549391	0.787369176940105
731.588873504736	0.786147658657998
731.589080460081	0.78516685987406
731.589287415426	0.784276447266594
731.589494370771	0.783386034659617
731.589701326116	0.782495622052151
731.589908281461	0.781605209444685
731.590115236806	0.779800326703872
731.590322192152	0.776394463333239
731.590529147497	0.772988599964477
731.590736102842	0.769582736593843
731.590943058187	0.766696608717243
731.591150013532	0.764996503853643
731.591356968877	0.763296398989108
731.591563924222	0.761596294125508
731.591770879567	0.759896189260973
731.591977834912	0.758196084396438
731.592184790257	0.756371748867392
731.592391745602	0.754539654853979
731.592598700947	0.752707560841574
731.592805656292	0.750875466828162
731.593012611637	0.749043372814749
731.593219566982	0.747053184227083
731.593426522327	0.744922473635228
731.593633477672	0.742791763044545
731.593840433018	0.74066105245269
731.594047388363	0.738883144622953
731.594254343708	0.737432343989434
731.594461299053	0.735981543355915
731.594668254398	0.734530742723193
731.594875209743	0.733079942089674
731.595082165088	0.731743068684153
731.595289120433	0.731356006156728
731.595496075778	0.730968943629304
731.595703031123	0.730581881102092
731.595909986468	0.730052701557284
731.596116941813	0.728194049545296
731.596323897158	0.726335397532286
731.596530852503	0.724476745519277
731.596737807848	0.722618093507288
731.596944763194	0.720759441494279
731.597151718539	0.719204924200726
731.597358673884	0.717790408193208
731.597565629229	0.71637589218569
731.597772584574	0.714961376178949
731.597979539919	0.713546860171431
731.598186495264	0.711311024134841
731.598393450609	0.707340287421009
731.598600405954	0.703369550707177
731.598807361299	0.699398813995526
731.599014316644	0.695718012815773
731.599221271989	0.692851978161752
731.599428227334	0.689985943506157
731.599635182679	0.687119908850561
731.599842138024	0.68425387419654
731.600049093369	0.681387839540945
731.600256048714	0.678866969063927
731.60046300406	0.676384885308393
731.600669959405	0.67390280155286
731.60087691475	0.67142071779869
731.601083870095	0.667870857592968
731.60129082544	0.664117813217475
731.601497780785	0.66036476883992
731.60170473613	0.656611724462365
731.601911691475	0.652858680086872
731.60211864682	0.649629584911254
731.602325602165	0.646975755775073
731.60253255751	0.644321926637435
731.602739512855	0.641668097499797
731.6029464682	0.639014268363616
731.603153423545	0.636230031410138
731.60336037889	0.631565660800201
731.603567334235	0.626901290187703
731.603774289581	0.622236919575204
731.603981244926	0.617644141313133
731.604188200271	0.61429738005414
731.604395155616	0.610950618796985
731.604602110961	0.607603857537992
731.604809066306	0.604257096278999
731.605016021651	0.600910335021844
731.605222976996	0.597245650594435
731.605429932341	0.593404097749146
731.605636887686	0.589562544901747
731.605843843031	0.585720992054348
731.606050798376	0.582699468410964
731.606257753721	0.580155404350803
731.606464709066	0.577611340292039
731.606671664411	0.575067276231878
731.606878619756	0.572523212171716
731.607085575101	0.569917345166528
731.607292530447	0.567092635541263
731.607499485792	0.564267925917549
731.607706441137	0.561443216292284
731.607913396482	0.558658053805897
731.608120351827	0.556021942230842
731.608327307172	0.553385830654339
731.608534262517	0.550749719079284
731.608741217862	0.548113607502781
731.608948173207	0.545477495926278
731.609155128552	0.543651009766035
731.609362083897	0.542029600401755
731.609569039242	0.540408191038366
731.609775994587	0.538786781674087
731.609982949932	0.537165372309807
731.610189905277	0.534713895052844
731.610396860622	0.531181730364879
731.610603815967	0.527649565678855
731.610810771313	0.52411740099089
731.611017726658	0.521505725825332
731.611224682003	0.52042446064316
731.611431637348	0.519343195460393
731.611638592693	0.518261930278221
731.611845548038	0.517180665095455
731.612052503383	0.516082319295722
731.612259458728	0.513588994938019
731.612466414073	0.511095670578947
731.612673369418	0.508602346221244
731.612880324763	0.506109021862171
731.613087280108	0.504535202826194
731.613294235453	0.503006479223266
731.613501190798	0.501477755619497
731.613708146143	0.499949032016569
731.613915101488	0.4984203084128
731.614122056834	0.496614687565457
731.614329012179	0.494616466574305
731.614535967524	0.492618245582057
731.614742922869	0.490620024590906
731.614949878214	0.488621803598657
731.615156833559	0.486600775013891
731.615363788904	0.484474405852296
731.615570744249	0.482348036689534
731.615777699594	0.480221667527939
731.615984654939	0.478155360344462
731.616191610284	0.476387674474976
731.616398565629	0.474619988604518
731.616605520974	0.472852302734061
731.616812476319	0.471084616864574
731.617019431664	0.469316930994117
731.617226387009	0.465610602065123
731.617433342355	0.461431594872366
731.6176402977	0.45725258767961
731.617847253045	0.453073580489149
731.61805420839	0.449696027426972
731.618261163735	0.446592611625311
731.61846811908	0.443489195821945
731.618675074425	0.440385780018578
731.61888202977	0.437282364216917
731.619088985115	0.434233434068136
731.61929594046	0.431272780576061
731.619502895805	0.42831212708236
731.61970985115	0.425351473588658
731.619916806495	0.422390820096583
731.62012376184	0.419430166602881
731.620330717185	0.416998773251171
731.62053767253	0.414583828959399
731.620744627876	0.412168884667628
731.620951583221	0.409753940377183
731.621158538566	0.406849164318257
731.621365493911	0.403923622492138
731.621572449256	0.400998080664413
731.621779404601	0.398072538836687
731.621986359946	0.395146997010568
731.622193315291	0.391303139745939
731.622400270636	0.386700416610309
731.622607225981	0.382097693472151
731.622814181326	0.377494970333993
731.623021136671	0.373788884873341
731.623228092016	0.37085585327495
731.623435047361	0.367922821678171
731.623642002706	0.364989790079781
731.623848958051	0.36205675848139
731.624055913396	0.359092710687239
731.624262868742	0.355911970617491
731.624469824087	0.35273123054949
731.624676779432	0.349550490479742
731.624883734777	0.34649467513821
731.625090690122	0.344403216023538
731.625297645467	0.342311756907718
731.625504600812	0.340220297793046
731.625711556157	0.338128838677225
731.625918511502	0.336037379561404
731.626125466847	0.333993536636382
731.626332422192	0.33196982096289
731.626539377537	0.329946105290509
731.626746332882	0.327922389617017
731.626953288227	0.325898673943525
731.627160243572	0.323906690559506
731.627367198917	0.321976466239957
731.627574154262	0.320046241921468
731.627781109608	0.318116017601918
731.627988064953	0.31617489123276
731.628195020298	0.314205809783865
731.628401975643	0.312236728333888
731.628608930988	0.310267646884993
731.628815886333	0.308298565435016
731.629022841678	0.30632948398504
731.629229797023	0.304272207802252
731.629436752368	0.302206958502496
731.629643707713	0.300141709203875
731.629850663058	0.29807645990412
731.630057618403	0.295609123903085
731.630264573748	0.293075375899217
731.630471529093	0.290541627893957
731.630678484438	0.288007879890089
731.630885439783	0.285474131884829
731.631092395129	0.282733866540431
731.631299350474	0.279782717164432
731.631506305819	0.276831567786812
731.631713261164	0.273880418410813
731.631920216509	0.270929269033193
731.632127171854	0.267834480117935
731.632334127199	0.263152185677905
731.632541082544	0.258469891235303
731.632748037889	0.253787596795273
731.632954993234	0.24920775027883
731.633161948579	0.245939570079209
731.633368903924	0.242671389881384
731.633575859269	0.239403209681764
731.633782814614	0.236135029483939
731.633989769959	0.232866849284319
731.634196725304	0.228397438964466
731.634403680649	0.223311007237919
731.634610635995	0.218224575508579
731.63481759134	0.213138143782032
731.635024546685	0.209704538448892
731.63523150203	0.207160430658039
731.635438457375	0.204616322868584
731.63564541272	0.202072215077731
731.635852368065	0.199528107288277
731.63605932341	0.196963628910357
731.636266278755	0.194334048483253
731.6364732341	0.191704468057593
731.636680189445	0.189074887630489
731.63688714479	0.186445307204829
731.637094100135	0.183815726777725
731.63730105548	0.180216461304918
731.637508010825	0.176478483036269
731.637714966171	0.172740504767621
731.637921921516	0.169002526501026
731.638128876861	0.165974258044414
731.638335832206	0.163106015504112
731.638542787551	0.160237772962235
731.638749742896	0.157369530420358
731.638956698241	0.154501287880056
731.639163653586	0.151540849992358
731.639370608931	0.148468874520692
731.639577564276	0.14539689904734
731.639784519621	0.142324923573987
731.639991474966	0.139395074772442
731.640198430311	0.136684116620892
731.640405385656	0.13397315847083
731.640612341001	0.131262200319279
731.640819296346	0.128551242167729
731.641026251691	0.125847262606874
731.641233207037	0.1233673229506
731.641440162382	0.120887383295689
731.641647117727	0.118407443639415
731.641854073072	0.115927503983142
731.642061028417	0.113447564328231
731.642267983762	0.110931693856455
731.642474939107	0.108393652500089
731.642681894452	0.10585561114233
731.642888849797	0.103317569784571
731.643095805142	0.101221115899984
731.643302760487	0.0994095065953127
731.643509715832	0.0975978972916366
731.643716671177	0.0957862879869654
731.643923626522	0.0939746786822942
731.644130581867	0.0921970114414521
731.644337537212	0.090524275841974
731.644544492557	0.0888515402434148
731.644751447903	0.0871788046439367
731.644958403248	0.0855586832329995
731.645165358593	0.0841694858297009
731.645372313938	0.0827802884256392
731.645579269283	0.0813910910223405
731.645786224628	0.0800018936182788
731.645993179973	0.078612696214217
731.646200135318	0.0770322025947304
731.646407090663	0.0754103093876036
731.646614046008	0.0737884161813678
731.646821001353	0.072166522974241
731.647027956698	0.0709930214875387
731.647234912043	0.0699586124731077
731.647441867388	0.0689242034581086
731.647648822733	0.0678897944436777
731.647855778078	0.0668553854286785
731.648062733424	0.0655877707509274
731.648269688769	0.0639700042941097
731.648476644114	0.0623522378364034
731.648683599459	0.0607344713795857
731.648890554804	0.0591167049218794
731.649097510149	0.057498938464173
731.649304465494	0.055059271883664
731.649511420839	0.0526095967233504
731.649718376184	0.0501599215643826
731.649925331529	0.047710246404069
731.650132286874	0.0466036976542333
731.650339242219	0.0455281462037259
731.650546197564	0.0444525947526277
731.650753152909	0.0433770433021203
731.650960108254	0.0423014918510221
731.651167063599	0.041216110194869
731.651374018944	0.0401231800417708
731.65158097429	0.0390302498880723
731.651787929635	0.0379373197349742
731.65199488498	0.0370374238212866
731.652201840325	0.0362922281397084
731.65240879567	0.0355470324585394
731.652615751015	0.0348018367769612
731.65282270636	0.0340566410957922
731.653029661705	0.0332724205809965
731.65323661705	0.0322549412313712
731.653443572395	0.0312374618823049
731.65365052774	0.0302199825326797
731.653857483085	0.0292025031836133
731.65406443843	0.0281850238339881
731.654271393775	0.0270581727224342
731.65447834912	0.0259004458907106
731.654685304465	0.024742719058351
731.65489225981	0.0235849922266273
731.655099215156	0.0231689178028324
731.655306170501	0.0230398326626934
731.655513125846	0.0229107475226252
731.655720081191	0.0227816623824862
731.655927036536	0.0226525772424181
731.656133991881	0.0224109262224276
731.656340947226	0.0219669942337062
731.656547902571	0.0215230622452286
731.656754857916	0.0210791302565072
731.656961813261	0.0207417287895556
731.657168768606	0.0206544688229847
731.657375723951	0.0205672088564137
731.657582679296	0.0204799488898907
731.657789634641	0.0203926889233198
731.657996589986	0.0203054289567968
731.658203545332	0.0198833526581312
731.658410500677	0.0194380782201474
731.658617456022	0.0189928037824082
731.658824411367	0.0185475293444244
731.659031366712	0.0181022549066853
731.659238322057	0.0176992300119059
731.659445277402	0.0173346756883124
731.659652232747	0.0169701213645185
731.659859188092	0.0166055670407247
731.660066143437	0.0162797411126443
731.660273098782	0.0159906982729468
731.660480054127	0.0157016554334081
731.660687009472	0.0154126125937107
731.660893964817	0.0151235697540132
731.661100920162	0.0148638478303277
731.661307875507	0.0148648658496246
731.661514830852	0.0148658838689209
731.661721786198	0.0148669018882178
731.661928741543	0.0148714098447024
731.662135696888	0.0149109658419277
731.662342652233	0.0149505218391747
731.662549607578	0.0149900778364
731.662756562923	0.0150296338336471
731.662963518268	0.0150691898308941
731.663170473613	0.0149932354145016
731.663377428958	0.0148626135610856
731.663584384303	0.0147319917077413
731.663791339648	0.0146013698543252
731.663998294993	0.014964153328369
731.664205250338	0.0155719014432874
731.664412205683	0.0161796495585396
731.664619161028	0.016787397673458
731.664826116373	0.0173951457887102
731.665033071719	0.0177267253321324
731.665240027064	0.0172575427644382
731.665446982409	0.0167883601964863
731.665653937754	0.0163191776287921
731.665860893099	0.0158499950608401
731.666067848444	0.0153808124928882
731.666274803789	0.0153005562713794
731.666481759134	0.015266918811704
731.666688714479	0.0152332813520471
731.666895669824	0.0151996438923717
731.667102625169	0.0148930452472
731.667309580514	0.0145321624815115
731.667516535859	0.0141712797156248
731.667723491204	0.0138103969499363
731.667930446549	0.0134495141840495
731.668137401894	0.0131475305523109
731.668344357239	0.0129117941269267
731.668551312585	0.0126760577014131
731.66875826793	0.0124403212760289
731.668965223275	0.0125121998987412
731.66917217862	0.0130234727694873
731.669379133965	0.0135347456399526
731.66958608931	0.0140460185106988
731.669793044655	0.0145572913811641
731.67	0.0174988951008475
