733.40008	-0.0867551542857143
733.40509	0.207066765714286
733.4101	0.364830834285714
733.4151	0.548742217142857
733.42011	0.137035657142857
733.42511	-0.421281588571429
733.43012	-0.680880331428571
733.43513	-0.376990034285714
733.44013	0.0425652457142858
733.44514	-0.130765017142857
733.44987	-0.165369382857143
733.45487	-0.197857462857143
733.45988	0.30383216
733.46488	0.693004228571429
733.46989	0.24535112
733.47489	0.00646039999999998
733.4799	0.200058594285714
733.48491	0.573202948571429
733.48991	0.12544112
733.49492	-0.30222568
733.49992	-0.0664073371428572
733.50493	1.18951845714286
733.50993	3.28444787428571
733.51494	4.18819046857143
733.51994	8.11239512
733.52495	12.46343792
733.52996	21.6699312457143
733.53496	39.9999625828571
733.53997	58.0169520457143
733.54497	74.8191880914285
733.54998	86.5989014857143
733.55498	100.610946045714
733.55999	96.8131422285714
733.56499	91.2767877714286
733.57	76.5102864114286
733.575	66.0717749942857
733.58001	49.99776248
733.58501	38.7214108914286
733.59002	23.1608780685714
733.59502	13.9756075657143
733.60003	6.94391476571428
733.60503	3.98788149714286
733.61004	1.3290044
733.61504	1.28217505142857
733.62005	0.869955097142857
733.62505	0.806383211428571
733.63006	0.578688937142857
733.63506	0.686357737142857
733.64007	0.717066457142857
733.64507	0.181410011428571
733.65008	-0.0834765485714287
733.65508	0.0572122742857142
733.66009	0.339713462857143
733.66509	0.114079588571429
733.6701	0.228727725714286
733.6751	0.148255382857143
733.68011	0.123565622857143
733.68511	0.414406228571429
733.69012	0.765999782857143
733.69512	0.384830411428571
733.70013	0.201623771428571
733.70513	0.480422994285714
733.71014	0.677125382857143
733.71486	0.573677394285714
733.71987	0.435165782857143
733.72487	0.223094925714286
733.72988	-0.273854251428571
733.73488	0.0141572685714286
733.73989	0.591937931428571
733.74489	0.97166192
733.7499	0.120078045714286
733.7549	-0.189475702857143
733.7599	-0.316879737142857
733.76491	0.581732582857143
733.76991	0.332627222857143
733.77492	0.167099737142857
733.77992	-0.173321062857143
733.78493	0.0540265142857143
733.78993	0.16297184
733.79493	0.255547108571429
733.79994	0.205448685714286
733.80494	0.303449702857143
733.80995	0.204589862857143
733.81495	0.0619710628571428
733.81996	-0.0166537257142858
733.82496	0.413785828571429
733.82996	0.145739017142857
733.83497	0.0357733828571429
733.83997	0.0577751771428572
733.84498	0.0238136342857143
733.84998	0.281973645714286
733.85498	0.611893794285714
733.85999	1.11569130285714
733.86499	1.56625756571429
733.87	5.2428236
733.875	7.69034805714286
733.88	11.0911928342857
733.88501	16.0700640114286
733.89001	30.5002198057143
733.89502	48.5517901142857
733.90002	68.8041899085714
733.90502	82.1211871657143
733.91003	87.7205005828571
733.91503	84.7749567885714
733.92003	83.8949857485714
733.92504	78.55759112
733.93004	68.3902078742857
733.93504	52.8176822514286
733.94005	39.3327351885714
733.94505	24.9898710628571
733.95006	14.4878486514286
733.95506	7.77958029714285
733.96006	4.31026259428571
733.96507	2.36173938285714
733.97007	1.31431369142857
733.97507	0.698799988571428
733.98008	0.355681108571428
733.98508	0.372303474285714
733.99008	-0.116311291428571
733.99509	-0.201309382857143
734.00009	3.86308571428608E-4
734.00509	-0.0245421828571429
734.0101	0.485381428571428
734.0151	0.217572422857143
734.0201	0.144855097142857
734.02511	-0.27581752
734.03011	0.415185268571429
734.03511	0.644761588571429
734.04012	0.354598502857143
734.04512	-0.127266571428571
734.05012	-0.220688045714286
734.05513	0.0470290057142858
734.06013	-0.229362777142857
734.06513	-0.529587142857143
734.07013	-0.452368
734.07514	-0.194077702857143
734.07986	-0.167264182857143
734.08487	-0.446400537142857
734.08987	-0.33447952
734.09487	-0.00194419428571424
734.09987	0.149964868571429
734.10488	0.0800434057142857
734.10988	0.0310779885714286
734.11488	0.104611211428571
734.11989	-0.141779268571429
734.12489	-0.0635924457142857
734.12989	-0.0482234285714285
734.13489	-0.0828246057142856
734.1399	-0.530784262857143
734.1449	-0.606626902857143
734.1499	-0.246657965714286
734.15491	-0.263963748571428
734.15991	-0.422333748571428
734.16491	-0.606286171428571
734.16991	-0.322172697142857
734.17492	-0.745381428571429
734.17992	-0.279869748571429
734.18492	0.321793931428571
734.18992	0.417082228571428
734.19493	-0.0117473714285715
734.19993	0.203175611428571
734.20493	0.472346
734.20993	-0.472334491428571
734.21494	-0.51965872
734.21994	-0.00367757714285707
734.22494	0.27609824
734.22994	-0.36118456
734.23494	0.0297292571428572
734.23995	0.411794548571429
734.24495	0.480083771428571
734.24995	0.251842468571429
734.25495	0.194221897142857
734.25996	0.310626114285714
734.26496	0.323047142857143
734.26996	1.97742344
734.27496	3.78970424
734.27996	6.47566369142857
734.28497	8.90960346285714
734.28997	16.8395293142857
734.29497	29.3308551885714
734.29997	42.8655176685714
734.30497	57.4978879657143
734.30998	68.1479081942857
734.31498	69.26495624
734.31998	62.1293509485714
734.32498	57.8461458628571
734.32998	53.7510394742857
734.33499	43.15099256
734.33999	33.6317480685714
734.34499	24.9568633828571
734.34999	18.1076769714286
734.35499	9.99135505142857
734.36	6.35924929142857
734.365	3.34466709714286
734.37	1.94279377142857
734.375	1.25907001142857
734.38	0.720204868571429
734.385	0.242105942857143
734.39001	-0.121863074285714
734.39501	-0.392204731428571
734.40001	-0.329425737142857
734.40501	0.365281142857143
734.41001	0.456427451428571
734.41501	0.213165028571429
734.42001	-0.278683737142857
734.42502	-0.0590001142857143
734.43002	-0.264327245714286
734.43502	-0.0452965599999999
734.44002	-0.35648728
734.44502	-0.0966445257142856
734.45002	0.0941050742857143
734.45502	0.367290251428572
734.46003	-0.236832845714286
734.46503	-0.306337805714286
734.47003	-0.0639553257142857
734.47503	0.0344432342857143
734.48003	-0.168954468571429
734.48503	-0.0903674971428571
734.49003	0.238132777142857
734.49503	0.0193062971428572
734.50003	-0.0775648685714286
734.50504	-0.315654057142857
734.51004	-0.199631988571429
734.51504	-0.29445976
734.52004	0.0858473942857143
734.52504	0.177186251428571
734.53004	0.238834502857143
734.53504	0.0484580685714286
734.54004	0.29830832
734.54504	-0.218617325714286
734.55004	-0.325948994285714
734.55505	-0.1061332
734.56005	0.634656491428571
734.56505	0.312576971428571
734.57005	-0.310357668571429
734.57505	-0.394390205714286
734.58005	0.224210994285714
734.58505	0.223041542857143
734.59005	-0.197838811428571
734.59505	-0.0117153485714285
734.60005	0.0183881600000001
734.60505	-0.173671497142857
734.61005	-0.2173456
734.61505	-0.199006411428571
734.62006	-0.199271577142857
734.62506	-0.149151451428571
734.63006	-0.0785230171428571
734.63506	-0.06691648
734.64006	0.224881211428571
734.64506	0.350927874285714
734.65006	0.419882171428571
734.65506	0.496800834285714
734.66006	0.416078445714286
734.66506	0.188402377142857
734.67006	0.329036308571429
734.67506	-0.0695360457142857
734.68006	-0.388235234285714
734.68506	-0.432146217142857
734.69006	-0.0695645371428571
734.69506	0.0320822514285714
734.70006	0.414797085714286
734.70506	0.877214822857143
734.71006	0.802844891428571
734.71506	1.26994581714286
734.72006	1.38153145142857
734.72506	2.47600046857143
734.73006	2.43567724571428
734.73506	5.10065672
734.74006	7.76437262857143
734.74506	13.5494514285714
734.75006	23.58663224
734.75506	32.3223403657143
734.76006	41.8856997714286
734.76506	49.5482905485714
734.77006	55.67353376
734.77506	47.1972506514285
734.78006	43.61796728
734.78506	42.5741763885714
734.79006	38.1817422285714
734.79506	30.7677133828571
734.80006	24.5370072114286
734.80506	16.9683465714286
734.81006	5.83215148571428
734.81506	4.43168174857143
734.82006	4.08943259428571
734.82506	3.12777148571429
734.83006	1.24447016
734.83506	1.40177260571429
734.84006	0.518327771428571
734.84506	-0.362265794285714
734.85006	-0.0811357257142857
734.85506	0.170436045714286
734.86006	-0.00175658285714285
734.86506	-0.268949302857143
734.87006	0.354313862857143
734.87506	0.0720502400000001
734.88006	-0.386216285714286
734.88505	-0.648760857142857
734.89005	-0.479902788571429
734.89505	0.264455497142857
734.90005	0.339042594285714
734.90505	0.0918502057142857
734.91005	-0.693619668571428
734.91505	-0.411062457142857
734.92005	-0.318879965714286
734.92505	0.00977133714285716
734.93005	-0.0559738514285714
734.93505	0.184789897142857
734.94005	-0.196318205714286
734.94505	-0.370862662857143
734.95004	-0.658012411428571
734.95504	-0.407094468571428
734.96004	-0.246873931428571
734.96504	0.322237657142857
734.97004	0.47876096
734.97504	0.430246331428571
734.98004	0.0608612342857143
734.98504	-0.10962016
734.99004	-0.269843988571428
734.99504	-0.0948854971428571
735	0.116704434285714
735.00003	0.122751474285714
735.00503	-0.20914072
735.01003	-0.138106548571429
735.01503	0.327353085714286
735.02003	0.491631028571429
735.02503	-0.239871691428571
735.03003	-0.516162502857143
735.03503	-0.245022057142857
735.04003	-0.0749552799999999
735.04502	-0.288937942857143
735.05002	-0.425124845714286
735.05502	-0.540673462857143
735.06002	-0.33129832
735.06502	0.0729883657142857
735.07002	0.0378951885714286
735.07502	-0.111884354285714
735.08001	-0.00641481142857138
735.08501	0.00191192
735.09001	0.131916697142857
735.09501	0.419528548571429
735.10001	0.447747611428571
735.10501	-0.12107944
735.11001	-0.0541561257142857
735.115	0.139714502857143
735.12	0.407921462857143
735.125	0.455558548571428
735.13	0.327982125714286
735.135	-0.310129325714286
735.14	-0.302370331428571
735.14499	0.0351005257142857
735.14999	0.465468765714286
735.15499	-0.0383003200000001
735.15999	-0.0497483885714286
735.16499	-0.159583805714286
735.16998	0.273020925714286
735.17498	0.0111259314285714
735.17998	0.287747291428571
735.18498	-0.135618742857143
735.18998	-0.398812342857143
735.19497	-0.886410777142857
735.19997	-0.408153142857143
735.20497	-0.0771128799999999
735.20997	-0.0975472342857142
735.21497	-0.4484944
735.21996	0.0158880800000001
735.22496	0.494902365714286
735.22996	-0.0700930171428572
735.23496	-0.397256902857143
735.23996	1.03950590857143
735.24495	2.27899194285714
735.24995	4.14907136
735.25495	4.99935028571428
735.25995	7.09888708571428
735.26494	9.83507648
735.26994	16.7965386285714
735.27494	27.0108529485714
735.27994	33.4192838857143
735.28494	34.0087303657143
735.28993	33.4935745828571
735.29493	33.2131639657143
735.29993	30.5153818742857
735.30493	30.1521545942857
735.30992	29.7992581485714
735.31492	24.3306866514286
735.31992	16.0425900114286
735.32492	11.2643386742857
735.32991	7.36893453714286
735.33491	4.45329357714286
735.33991	2.90632214857143
735.34491	1.56357230857143
735.3499	0.490121291428571
735.3549	0.332827382857143
735.3599	1.28889652571429
735.36489	1.09415408
735.36989	0.638751954285714
735.37489	-0.205560845714286
735.37989	-0.236398205714286
735.38488	-0.254061588571429
735.38988	0.29960576
735.39488	0.510525885714286
735.39988	0.622674217142857
735.40487	0.230683108571429
735.40987	-0.0316729942857143
735.41487	0.21794528
735.41986	0.195255988571429
735.42514	-0.342062902857143
735.43013	-0.639190514285714
735.43513	-0.122945988571429
735.44013	0.408199828571429
735.44513	0.137378617142857
735.45012	-0.357578388571429
735.45512	-0.36728992
735.46012	0.215180788571429
735.46511	0.37242872
735.47011	0.331374834285714
735.47511	0.257282754285714
735.4801	0.164273977142857
735.4851	0.187575988571429
735.4901	0.414382057142857
735.49509	0.30683744
735.50009	-0.237379154285714
735.50509	-0.33458032
735.51008	-0.274890742857143
735.51508	0.186138491428571
735.52008	0.377046045714286
735.52507	0.873071977142857
735.53007	0.296834857142857
735.53507	-0.286765977142857
735.54006	-0.44550496
735.54506	0.1370816
735.55006	0.852003714285714
735.55505	0.677012411428571
735.56005	-0.155208228571429
735.56505	-0.292264
735.57004	-0.431369337142857
735.57504	-0.0676973714285712
735.58003	-0.807359131428571
735.58503	-0.244277268571429
735.59003	-0.250440331428571
735.59502	0.34910024
735.60002	0.0370481257142857
735.60502	-0.0331017485714286
735.61001	0.19366568
735.61501	0.587303737142857
735.62	7.27485714285638E-4
735.625	-0.755809531428571
735.63	-0.849358617142857
735.63499	-0.231458902857143
735.63999	-0.314743154285714
735.64498	-0.0580336685714285
735.64998	0.0310234742857143
735.65498	0.0954018628571429
735.65997	-0.12706144
735.66497	-0.279091805714286
735.66996	-0.0612955771428571
735.67496	0.0309408114285715
735.67996	0.0722479314285715
735.68495	-0.538482228571429
735.68995	-0.203338171428571
735.69494	0.133860971428571
735.69994	0.343152217142857
735.70494	0.0391504571428572
735.70993	0.0423400228571429
735.71493	0.105983428571429
735.71992	0.128939222857143
735.72492	-0.245612971428571
735.72991	-0.133616182857143
735.73491	0.141493382857143
735.73991	0.321371154285714
735.7449	-0.283251382857143
735.7499	-0.252518251428571
735.75489	-0.496558068571429
735.75989	0.0376527542857143
735.76488	0.222856468571429
735.76988	0.211867417142857
735.77487	-0.234972845714286
735.77987	0.0786917257142857
735.78487	-0.0500587085714285
735.79014	-0.211770674285714
735.79513	-0.362707394285714
735.80013	-0.568961611428571
735.80512	-0.157582205714286
735.81012	0.295667188571428
735.81511	0.539489257142857
735.82011	0.168645954285714
735.82511	0.329518605714286
735.8301	-0.2380684
735.8351	0.711878171428571
735.84009	1.98477179428571
735.84509	3.57755877714286
735.85008	4.61511038857143
735.85508	5.55111957714286
735.86007	7.22821965714286
735.86507	10.3840804914286
735.87006	16.5338042171429
735.87506	24.4876132914286
735.88005	30.9220309485714
735.88505	33.8123984685714
735.89004	35.0612259542857
735.89504	34.5325132571429
735.90003	33.9348985485714
735.90503	29.5299869942857
735.91002	24.8250815428571
735.91502	20.9719861485714
735.92001	17.9594785828571
735.92501	13.6850778285714
735.93	8.42130193142857
735.935	5.76501676571428
735.93999	2.83592078857143
735.94498	1.92945978285714
735.94998	1.23421626285714
735.95497	1.04904995428571
735.95997	0.329718834285714
735.96496	0.136061257142857
735.96996	0.3356744
735.97495	0.508236217142857
735.97995	-0.00536141714285721
735.98494	0.0646442857142857
735.98994	0.231762457142857
735.99493	0.198146171428571
735.99493	0.100061154285714
735.99992	0.163448445714286
736.00492	0.07396064
736.00991	0.253093691428571
736.01491	0.280833097142857
736.0199	0.584808834285714
736.0249	0.394436822857143
736.02989	0.187350937142857
736.03489	0.520408742857143
736.03988	1.10905705142857
736.04487	0.813107874285714
736.04987	0.175431062857143
736.05486	-0.0465134285714286
736.06013	0.122219154285714
736.06513	0.129477474285714
736.07012	0.275511577142857
736.07512	0.572288857142857
736.08011	0.336647222857143
736.08511	-0.1897432
736.0901	-0.506657097142857
736.09509	-0.311254685714286
736.10009	-0.0181762514285714
736.10508	0.309763657142857
736.11008	0.314522102857143
736.11507	0.185819668571429
736.12006	-0.0199405257142857
736.12506	0.0292564914285715
736.13005	-8.10057142856951E-5
736.13504	0.0619196000000001
736.14004	-0.375912948571429
736.14503	0.0420962514285714
736.15003	0.569056331428571
736.15502	0.978642354285714
736.16001	0.793700411428571
736.16501	0.3620948
736.17	-0.251428308571429
736.175	-0.390120091428571
736.17999	-0.0485404342857143
736.18498	-0.26837344
736.18998	-0.229983108571429
736.19497	-0.436342822857143
736.19996	-0.0901156685714285
736.20496	-0.115253748571429
736.20995	0.0720664571428572
736.21494	0.0806381942857143
736.21994	0.211983131428571
736.22493	-0.0821932
736.22992	-0.218239942857143
736.23492	-0.188749085714286
736.23991	-0.248286571428571
736.2449	0.00110870857142861
736.2499	-0.244085954285714
736.25489	-0.121632434285714
736.25988	-0.07830712
736.26488	0.290304765714286
736.26987	-0.175325782857143
736.27486	0.0372914514285715
736.28014	0.06265832
736.28513	0.100829154285714
736.29012	-0.0717377371428571
736.29511	0.179236022857143
736.30011	0.01899272
736.3051	-0.0239160571428572
736.31009	0.144982502857143
736.31509	0.57655328
736.32008	0.122196285714286
736.32507	-0.0732064
736.33007	0.0182037714285714
736.33506	0.494802765714286
736.34005	0.259004651428571
736.34505	-0.186173885714286
736.35004	-0.358345497142857
736.35503	0.0218792
736.36002	0.218747462857143
736.36502	0.344326297142857
736.37001	0.278708445714286
736.375	-0.172211508571429
736.38	-0.549327588571429
736.38499	-0.30482848
736.38998	-0.254298571428571
736.39497	-0.445589337142857
736.39997	-0.510784171428571
736.40496	-0.14289496
736.40995	0.119095725714286
736.41494	-0.0887776342857143
736.41994	-0.571530434285714
736.42493	-0.275347394285714
736.42992	0.360691691428571
736.43492	0.475854902857143
736.43991	0.329426857142857
736.4449	0.193872765714286
736.44989	0.449549874285714
736.45489	0.666225885714286
736.45988	0.81131504
736.46487	0.266405188571428
736.46986	-0.135235222857143
736.47513	0.353839828571428
736.48012	0.440875828571428
736.48512	0.160425988571429
736.49011	-0.395602034285714
736.4951	0.00366957714285716
736.50009	0.368634285714286
736.50509	0.345726902857143
736.51008	-0.228899474285714
736.51507	-0.399588777142857
736.52006	-0.158632582857143
736.52505	-0.0162057142857143
736.53005	0.123079897142857
736.53504	0.364865257142857
736.54003	0.813752754285714
736.54502	2.44213588571429
736.55002	4.94867315428571
736.55501	7.38263812571428
736.56	12.54171824
736.56499	17.4494821485714
736.56998	19.1560942742857
736.57498	18.68585744
736.57997	22.0921410971429
736.58496	23.2771839885714
736.58995	20.8136555428571
736.59494	17.72953856
736.59993	17.2651542628571
736.60493	14.08301192
736.60992	11.2615004342857
736.61491	7.99541812571428
736.6199	5.95125597714286
736.62489	3.65551454857143
736.62989	2.96632588571428
736.63488	1.64877566857143
736.63987	0.631399622857143
736.64514	0.344894685714286
736.65013	0.0566658971428571
736.65512	0.0230283542857143
736.66011	0.142967051428571
736.6651	0.319395268571429
736.6701	0.03121496
736.67509	-0.113570697142857
736.68008	0.0404413485714285
736.68507	0.303079451428571
736.69006	0.279837542857143
736.69505	0.749930068571428
736.70004	0.29523344
736.70504	0.0130830628571427
736.71003	0.0461918514285714
736.71502	0.517687622857143
736.72001	-0.0446878857142857
736.725	-0.478463817142857
736.72999	-0.368723577142857
736.73498	0.316255142857143
736.73997	0.867313485714286
736.74497	0.769751394285714
736.74996	-0.0941189371428571
736.75495	-0.0997073028571429
736.75994	0.0970583428571428
736.76493	0.231771302857143
736.76992	-0.22854448
736.77491	-0.240070205714286
736.7799	-0.747973977142857
736.78489	-0.736109097142857
736.78989	-0.943773554285714
736.79488	-0.635919451428571
736.79987	-0.344181485714286
736.80514	0.28224728
736.81013	0.114572617142857
736.81512	0.0107441257142857
736.82011	0.0414059428571429
736.8251	-0.0107178742857143
736.83009	-0.201509577142857
736.83508	0.139878182857143
736.84007	0.48535592
736.84506	0.55146776
736.85005	-0.144943668571429
736.85504	-0.0857323771428571
736.86003	-0.017518
736.86503	0.189073828571429
736.87002	0.02196128
736.87501	-0.100544422857143
736.88	-0.152842274285714
736.88499	-0.26654056
736.88998	0.380661302857143
736.89497	0.397721394285714
736.89996	0.331425234285714
736.90495	-0.59340592
736.90994	-0.769781474285714
736.91493	-1.0704004
736.91992	-0.803300937142857
736.92491	-0.590167565714286
736.9299	-0.5457412
736.93489	-0.314189851428571
736.93988	-0.0800171542857143
736.94487	0.153831062857143
736.94986	-0.0219036228571429
736.95513	0.387058571428571
736.96012	0.36090296
736.96511	0.15452768
736.9701	0.121079462857143
736.97509	0.667476354285714
736.98008	0.562394617142857
736.98507	0.297352811428571
736.99006	0.293375874285714
736.99505	0.246590411428571
737.00004	-0.07749952
737.00503	0.0442410628571429
737.01002	0.47297024
737.01501	0.456970125714286
737.02	0.322994274285714
737.02499	0.107055337142857
737.02998	-0.201986491428571
737.03497	0.0135421142857143
737.03996	0.109721668571429
737.04495	-0.0975178857142856
737.04994	-0.669067634285714
737.05493	-0.412458091428571
737.05992	-0.270999485714286
737.06491	-0.354737748571428
737.0699	-0.437816937142857
737.07489	-0.169841234285714
737.07988	0.0978551085714286
737.08487	-0.31564528
737.09014	0.0198685828571429
737.09513	0.04780352
737.10012	0.0615658742857143
737.10511	0.257237908571428
737.1101	0.432439142857143
737.11509	0.543155154285714
737.12008	0.205617062857143
737.12506	0.304993794285714
737.13005	-0.406194537142857
737.13504	-0.461041531428571
737.14003	-0.210845885714286
737.14502	0.254217611428571
737.15001	0.23947856
737.155	0.145992114285714
737.15999	0.0268730171428572
737.16498	0.0103667085714286
737.16997	0.212730628571429
737.17496	0.142348057142857
737.17995	0.237070262857143
737.18494	-0.0619152571428571
737.18993	0.0881203657142857
737.19492	-0.249749097142857
737.19991	0.0369783542857143
737.20489	0.184013565714286
737.20988	0.51136136
737.21487	0.0287585599999999
737.21986	-0.328275794285714
737.22513	-0.351807931428571
737.23012	0.170892182857143
737.23511	-0.0834343771428571
737.2401	0.04365032
737.24508	-0.0519513485714285
737.25007	-0.030855177142857
737.25506	-0.281461462857143
737.26005	0.241294262857143
737.26504	0.507182925714286
737.27003	0.397066845714286
737.27502	-0.370470022857143
737.28001	-0.309031017142857
737.285	0.033356
737.28998	0.520946205714286
737.29497	0.316427565714286
737.29996	-0.141229908571429
737.30495	-0.7741324
737.30994	-0.624367462857143
737.31493	0.28851536
737.31992	0.319916617142857
737.32491	-0.399875268571429
737.32989	-0.708374251428571
737.33488	-0.0579848457142857
737.33987	0.714229005714286
737.34514	0.69707936
737.35013	0.768544365714285
737.35511	2.91326394285714
737.3601	5.71436072
737.36509	6.12270556571428
737.37008	8.87702075428571
737.37507	13.6412001714286
737.38006	16.7843865714286
737.38504	15.8112862057143
737.39003	12.9194339428571
737.39502	11.8355878057143
737.40001	9.45795861714285
737.405	9.92025426285714
737.40999	7.54603444571428
737.41497	7.73640443428571
737.41996	5.65426979428571
737.42495	4.71447045714286
737.42994	3.45559053714286
737.43493	2.50993924571429
737.43992	1.39800515428571
737.4449	0.450314
737.44989	0.7166312
737.45488	0.203675085714286
737.45987	-0.0791336114285714
737.46513	0.13844096
737.47012	0.2484236
737.47511	0.20980208
737.4801	0.268164937142857
737.48509	0.476089965714286
737.49007	0.00252326857142854
737.49506	0.255292982857143
737.50005	0.352479782857143
737.50504	0.0834110514285714
737.51002	-0.247052251428571
737.51501	0.308873051428571
737.52	0.400827097142857
737.52499	-0.07658104
737.52998	-0.196106937142857
737.53496	-0.198937908571428
737.53995	-0.332424742857143
737.54494	-0.438940822857143
737.54993	-0.04760152
737.55491	0.23289728
737.5599	0.127182971428571
737.56489	-0.0266906285714286
737.56988	0.0756486971428572
737.57487	0.275970251428571
737.58013	0.08131736
737.58512	0.410873634285714
737.5901	0.33661448
737.59509	-0.0192017714285714
737.60008	-0.766792205714286
737.60507	-0.513106205714286
737.61005	-0.212076365714286
737.61504	-0.26541088
737.62003	-0.495774537142857
737.62502	-0.0600220342857142
737.63	0.38098952
737.63499	0.049199462857143
737.63998	-0.67697056
737.64497	-0.716722171428571
737.64995	-0.352284125714286
737.65494	0.0699209257142858
737.65993	0.206311382857143
737.66491	0.708627611428571
737.6699	1.195118
737.67489	0.92890784
737.67988	0.2461916
737.68486	0.123838022857143
737.69013	0.31190504
737.69511	0.26663624
737.7001	-0.144305542857143
737.70509	0.238447108571428
737.71008	0.1572296
737.71506	-0.116710171428571
737.72005	-0.488072148571428
737.72504	-0.123090982857143
737.73002	-0.210576982857143
737.73501	-0.509338205714286
737.74	-0.42321424
737.74498	-0.23009776
737.74997	-0.101944068571429
737.75496	-0.201333622857143
737.75994	-0.468851371428571
737.76493	-0.355814011428571
737.76992	-0.264404148571429
737.7749	0.0180908
737.77989	0.00682657142857146
737.78488	0.0997386285714286
737.78986	0.0505409257142857
737.79513	0.1885448
737.80011	0.0950566057142857
737.8051	-0.0469365828571429
737.81009	0.197740777142857
737.81507	0.0934725371428572
737.82006	-0.376259645714286
737.82505	-0.40440112
737.83003	-0.0626077599999999
737.83502	-0.00384108571428566
737.84001	-0.152112057142857
737.84499	-0.16343944
737.84998	-0.32688208
737.85497	-0.147971988571429
737.85995	0.01651688
737.86494	0.3786512
737.86992	0.455583268571429
737.87491	0.529507657142857
737.8799	0.312475862857143
737.88488	0.0713522171428571
737.88987	-0.15805432
737.89513	-0.355821348571429
737.90012	-0.163926365714286
737.9051	0.241447622857143
737.91009	0.73879304
737.91508	0.595942365714286
737.92006	0.154077851428571
737.92505	-0.275644445714286
737.93004	-0.10117336
737.93502	-0.0340009257142857
737.94001	0.326029862857143
737.94499	0.476019988571428
737.94998	0.866948685714286
737.95497	0.729907691428571
737.95995	0.308302845714286
737.96494	-0.13287232
737.96992	0.164412251428571
737.97491	0.385403634285714
737.97989	0.101241748571429
737.98488	-0.51092632
737.98987	-0.61046416
737.99513	-0.674563188571428
738.00011	-0.681809268571428
738.0051	0.195488651428571
738.01009	0.621210422857143
738.01507	0.348111577142857
738.02006	-0.52975864
738.02504	0.106455714285714
738.03003	0.00273237714285718
738.03501	0.293565337142857
738.04	0.687682434285714
738.04498	0.814819211428571
738.04997	0.263624891428571
738.05496	0.0445801142857143
738.05994	-0.0903586171428571
738.06493	-0.343109474285714
738.06991	-0.225172411428571
738.0749	-0.197121382857143
738.07988	-0.213666125714286
738.08487	0.199339485714286
738.09013	0.762821154285714
738.09512	0.663672422857143
738.1001	0.471883314285714
738.10509	0.0867373142857143
738.11007	-0.104069782857143
738.11506	-0.194073931428571
738.12004	-0.0642864571428571
738.12503	0.3271412
738.13001	0.305445234285714
738.135	0.187682582857143
738.13998	-0.111631462857143
738.14497	-0.138733702857143
738.14995	-0.441624194285714
738.15494	-0.338904674285714
738.15992	0.104525222857143
738.16491	0.173378857142857
738.16989	0.0103103428571428
738.17488	-0.00366211428571425
738.17986	-0.202460525714286
738.18512	-0.0379754628571429
738.19011	0.125594857142857
738.19509	0.203865062857143
738.20008	-0.199585497142857
738.20506	0.06496976
738.21005	0.371623485714286
738.21503	0.522693234285714
738.22002	0.0542644228571428
738.225	-0.468269268571429
738.22999	-0.42492664
738.23497	-0.190765462857143
738.23996	-0.630180228571428
738.24494	-0.500377908571428
738.24993	0.140442525714286
738.25491	0.315342251428571
738.2599	0.176281005714286
738.26488	0.57360752
738.26987	0.690972354285714
738.27513	0.532916514285714
738.28011	0.403147074285714
738.2851	2.20009797714286
738.29008	2.86155971428571
738.29506	3.61730085714286
738.30005	5.49534453714286
738.30503	8.54724176
738.31002	9.22563337142857
738.315	11.6483656228571
738.31999	13.2300780114286
738.32497	12.89415392
738.32995	10.7787013485714
738.33494	12.5357707314286
738.33992	13.5843893942857
738.34491	13.7052311771429
738.34989	11.1492181828571
738.35488	9.64332474285714
738.36014	7.54772418285714
738.36512	6.68283292571428
738.37011	4.27214548571428
738.37509	2.30719571428571
738.38007	0.4547432
738.38506	0.870020171428571
738.39004	1.23241252571429
738.39503	0.886721771428571
738.40001	-0.199290777142857
738.40499	-0.24336832
738.40998	-0.401788514285714
738.41496	-0.0248337828571429
738.41995	-0.132254868571429
738.42493	0.191177942857143
738.42991	0.145167817142857
738.4349	0.273148742857143
738.43988	0.369476651428571
738.44486	0.00583986285714283
738.45013	-0.253151782857143
738.45511	-0.613553885714286
738.46009	-0.357675794285714
738.46508	-0.13017208
738.47006	0.580585622857143
738.47504	0.373726948571428
738.48003	0.354474491428571
738.48501	0.401576102857143
738.48999	0.296180137142857
738.49498	-0.161127211428571
738.49996	-0.473082502857143
738.50495	0.205899405714286
738.50993	0.310185988571429
738.51491	0.365960137142857
738.5199	0.290707211428571
738.52488	0.206722125714286
738.52986	0.0970448
738.53512	0.34048328
738.54011	0.650233177142857
738.54509	0.987107668571428
738.55007	0.995813291428571
738.55506	0.354420354285714
738.56004	-0.636970377142857
738.56502	-0.502886491428571
738.57001	-0.0200953257142857
738.57499	0.183462114285714
738.57997	0.389133131428571
738.58496	0.46449848
738.58994	0.478047405714286
738.59492	0.39546032
738.59991	0.298184342857143
738.60489	0.0579951542857143
738.60987	0.149243188571428
738.61513	0.55532696
738.62011	0.982687554285714
738.6251	0.563846891428571
738.63008	-0.00116419428571429
738.63506	-0.0695029600000001
738.64005	0.641764742857143
738.64503	0.398296948571429
738.65001	0.0489517142857143
738.65499	-0.100044091428571
738.65998	-0.0649244799999999
738.66496	-0.153610171428571
738.66994	-0.226781885714286
738.67493	-0.173524411428571
738.67991	-0.687167748571429
738.68489	-0.525891622857143
738.68987	-0.31473664
738.69513	0.369365291428572
738.70012	0.277236182857143
738.7051	-0.0449649828571428
738.71008	-0.602798148571429
738.71506	-0.231169942857143
738.72005	0.361712308571429
738.72503	0.837010331428571
738.73001	0.19031912
738.73499	-0.280982662857143
738.73998	-0.45747064
738.74496	-0.267025908571428
738.74994	-0.00620844571428571
738.75492	0.11744744
738.75991	-0.0315653714285714
738.76489	-0.14068096
738.76987	-0.218256914285714
738.77513	-0.0652194057142857
738.78011	-0.370082422857143
738.7851	0.0702331314285714
738.79008	0.151490377142857
738.79506	0.583758251428571
738.80004	0.216463177142857
738.80502	0.0836722057142857
738.81001	0.32060792
738.81499	0.719348685714286
738.81997	0.322776457142857
738.82495	0.0532360914285713
738.82994	0.0953114171428571
738.83492	0.398282274285714
738.8399	0.572191554285714
738.84488	0.581777291428571
738.84986	0.424967154285714
738.85512	0.307181531428571
738.8601	0.271322754285714
738.86509	0.11176184
738.87007	-0.1749952
738.87505	-0.169286045714286
738.88003	0.129193588571429
738.88501	0.467553268571428
738.89	0.63607232
738.89498	0.219259897142857
738.89996	0.0844352342857142
738.90494	0.0833096342857143
738.90992	0.33976208
738.91491	-0.0100345942857143
738.91989	-0.38023624
738.92487	-0.578402937142857
738.93013	-0.611299017142857
738.93511	-0.362225645714286
738.94009	0.0223484342857143
738.94507	0.129652811428571
738.95005	0.200598285714286
738.95504	0.40245752
738.96002	0.240769074285714
738.965	-0.136753428571429
738.96998	-0.320751965714286
738.97496	-0.21246088
738.97994	-0.0117201142857143
738.98492	0.179343782857143
738.98991	0.0867861028571428
738.99489	0.0909608685714286
738.99987	-0.107380788571429
739.00513	0.288823348571429
739.01011	0.43709408
739.01509	0.347200057142857
739.02007	-0.3706
739.02505	-0.157243771428571
739.03003	0.526219691428571
739.03501	0.958416628571428
739.04	0.518233691428571
739.04498	-0.0714311542857143
739.04996	0.321970022857143
739.05494	0.432010228571429
739.05992	-0.152042662857143
739.0649	-0.52528696
739.06988	0.32063144
739.07486	0.49788848
739.08012	0.422232388571429
739.0851	0.01532456
739.09008	0.357167634285714
739.09506	0.0747882285714286
739.10005	-0.350929908571429
739.10503	-0.588459691428571
739.11001	0.00738470857142859
739.11499	0.0992304114285714
739.11997	0.109522674285714
739.12495	-0.19407712
739.12993	0.0928656114285714
739.13491	-0.0109219771428572
739.13989	0.477185428571429
739.14487	0.0129720114285714
739.15013	0.185150548571429
739.15511	0.404484868571428
739.16009	0.217220822857143
739.16507	0.0555040914285715
739.17005	-0.225531485714286
739.17503	-0.0968117714285714
739.18001	-0.388352182857143
739.185	-0.211105085714286
739.18998	-0.431855268571428
739.19496	-0.458042182857143
739.19994	-0.302672251428571
739.20492	-0.170984457142857
739.2099	-0.0849243999999999
739.21488	0.0819760571428572
739.22014	0.111867542857143
739.22512	-0.24537472
739.2301	-0.0322216
739.23508	-0.0291653714285713
739.24006	-0.553883645714286
739.24504	-0.675856068571428
739.25002	0.168410205714286
739.255	0.305490422857143
739.25998	0.290466834285714
739.26496	0.0670940685714286
739.26994	0.378507954285714
739.27492	0.492314171428571
739.2799	0.488406251428571
739.28488	0.37655528
739.29014	0.426147337142857
739.29512	0.334683371428571
739.3001	-0.371370057142857
739.30508	-0.222360331428571
739.31006	-0.101099885714286
739.31504	-0.311930525714286
739.32002	-0.389473977142857
739.325	-0.404642217142857
739.32998	-0.435537245714286
739.33496	-0.453475428571429
739.33994	-0.161374788571429
739.34492	-0.429434182857143
739.3499	-0.551982022857143
739.35488	0.0167319199999999
739.36013	0.949673737142857
739.36511	0.834538468571428
739.37009	0.331373977142857
739.37507	-0.35778712
739.38005	-0.371352948571428
739.38503	-0.404064811428571
739.39001	0.102179942857143
739.39499	0.215379371428571
739.39997	0.511436514285714
739.40495	0.451499737142857
739.40993	1.68285169142857
739.41491	3.00307554285714
739.41989	2.77166881142857
739.42487	3.66001893714286
739.43012	5.53667819428571
739.4351	7.45985994285714
739.44008	9.18489566857143
739.44506	10.4471850971429
739.45004	9.23845269714286
739.45502	8.19518414857143
739.46	8.14269717714286
739.46498	7.85670854857143
739.46996	7.01938129142857
739.47494	6.45361938285714
739.47992	6.22750928
739.4849	6.01223312
739.48988	5.29141204571429
739.49513	2.43418835428571
739.50011	1.11727369142857
739.50509	0.72945224
739.51007	0.291062205714286
739.51505	-0.25197136
739.52003	-0.268010251428571
739.52501	0.345636834285714
739.52999	0.531857017142857
739.53497	0.469752011428571
739.53995	-0.103300788571429
739.54492	-0.513157462857143
739.5499	-0.040005177142857
739.55488	-0.106261222857143
739.56014	-0.22840672
739.56512	-0.25766008
739.5701	0.535188937142857
739.57508	0.554891497142857
739.58005	0.0510471199999999
739.58503	-0.10225528
739.59001	0.13212008
739.59499	0.204136605714286
739.59997	-0.669122148571429
739.60495	-0.251453474285714
739.60993	0.319973188571429
739.61491	0.284711668571429
739.61988	-0.8027296
739.62486	-0.586208525714286
739.63012	-0.389959325714286
739.6351	-0.0828470628571428
739.64008	0.00295122285714287
739.64505	0.0959978857142857
739.65003	-0.182727108571429
739.65501	-0.0201602971428571
739.65999	0.109059988571429
739.66497	0.08989256
739.66995	0.321524342857143
739.67493	0.431099977142857
739.6799	-0.136734502857143
739.68488	-0.18496792
739.69014	-0.0576641028571428
739.69512	-0.00771646857142853
739.70009	-0.107550262857143
739.70507	-0.159777417142857
739.71005	0.1777604
739.71503	0.350867222857143
739.72001	0.116459394285714
739.72499	-0.0937719657142858
739.72996	0.112205428571429
739.73494	0.207449462857143
739.73992	-0.126853771428571
739.7449	0.454031188571428
739.74988	0.532801691428571
739.75513	0.1757
739.76011	0.0190337942857143
739.76509	0.389021394285714
739.77007	0.435148742857143
739.77504	0.377599622857143
739.78002	0.230056057142857
739.785	0.149260502857143
739.78998	0.286007085714286
739.79496	0.797749348571428
739.79993	0.698179931428571
739.80491	0.347492171428571
739.80989	-0.0616242742857143
739.81487	0.0833082971428571
739.82012	0.234863051428571
739.8251	0.206871062857143
739.83008	0.0385325257142857
739.83506	0.0456442057142857
739.84003	-0.212734514285714
739.84501	0.0659183428571428
739.84999	0.275110914285714
739.85497	0.373883222857143
739.85994	0.0904326285714285
739.86492	0.215767828571429
739.8699	0.290877062857143
739.87488	-0.06676888
739.88013	-0.284074342857143
739.88511	-0.0224346742857143
739.89009	0.420510114285714
739.89506	0.50584904
739.90004	0.153197805714286
739.90502	0.0638436457142857
739.91	0.218609531428571
739.91497	0.431364868571428
739.91995	0.346586925714286
739.92493	0.0486625828571429
739.92991	-0.272798491428571
739.93488	-0.620663474285714
739.94014	-0.494357165714286
739.94511	-0.01907128
739.95009	0.21052856
739.95507	0.0326364114285714
739.96005	0.113928148571429
739.96502	0.100802034285714
739.97	0.0964374628571429
739.97498	0.0461174857142857
739.97996	0.206435771428571
739.98493	0.0103505942857143
739.98991	-0.391830708571428
739.99489	-0.768254457142857
739.99489	-0.129645862857143
739.99986	0.287375051428571
740.00512	0.0538383885714286
740.01009	-0.574523782857143
740.01507	-0.11522992
740.02005	0.252548857142857
740.02503	0.260258
740.03	-0.216682822857143
740.03498	-0.488059085714286
740.03996	-0.761720697142857
740.04493	-0.46677712
740.04991	-0.392146068571429
740.05489	-0.157599005714286
740.05986	0.534161051428571
740.06512	-0.089037897142857
740.07009	-0.86115352
740.07507	-1.08585862857143
740.08005	0.0472287200000001
740.08502	0.00576546285714288
740.09	0.109002251428571
740.09498	0.37512056
740.09995	0.569334422857143
740.10493	0.211380594285714
740.10991	0.1413944
740.11488	-0.09141496
740.12014	-0.147268548571429
740.12511	-0.117421805714286
740.13009	0.429716925714285
740.13507	1.82872016
740.14004	1.84952006857143
740.14502	0.597186937142857
740.15	-1.16705179428571
740.15497	-0.571733542857143
740.15995	0.349379634285714
740.16493	0.692144822857143
740.1699	0.477551257142857
740.17488	0.253728697142857
740.18013	0.203271268571429
740.18511	-0.200191805714286
740.19008	0.345546422857143
740.19506	0.752179348571429
740.20004	0.600408937142857
740.20501	0.0682915657142857
740.20999	0.47853488
740.21496	0.678915817142857
740.21994	0.932983005714286
740.22492	0.781291348571428
740.22989	0.48485672
740.23487	0.120136605714286
740.24012	0.0822556914285714
740.2451	-0.0702686285714286
740.25007	-0.115821245714286
740.25505	-0.200582045714286
740.26003	0.443254331428571
740.265	0.238694514285714
740.26998	0.156588868571429
740.27495	-0.275959805714286
740.27993	0.480837782857143
740.28491	0.316052034285714
740.28988	0.205526548571429
740.29513	0.00221575999999994
740.30011	0.528110137142857
740.30508	0.704078411428571
740.31006	0.776046525714286
740.31504	0.372396834285714
740.32001	0.390996011428571
740.32499	0.2151488
740.32996	0.150466982857143
740.33494	0.0638784114285714
740.33991	-0.06101248
740.34489	-0.277658457142857
740.34987	0.366875017142857
740.35512	0.943430548571429
740.36009	1.06937418285714
740.36507	0.507289554285714
740.37004	0.63566336
740.37502	0.440993737142857
740.38	0.774390011428571
740.38497	0.865399245714286
740.38995	0.508494388571428
740.39492	-0.154188811428571
740.3999	-0.576418857142857
740.40487	-0.469245897142857
740.41012	-0.40694944
740.4151	-0.257451897142857
740.42007	-0.224627234285714
740.42505	-0.333695817142857
740.43003	-0.230078731428571
740.435	-0.670672411428571
740.43998	-0.205293485714286
740.44495	-0.0529970628571428
740.44993	0.278619097142857
740.4549	0.0405955657142856
740.45988	0.467245725714286
740.46513	0.812676628571429
740.4701	0.799201314285714
740.47508	0.296272228571428
740.48005	0.0722750171428571
740.48503	0.0973547085714285
740.49	0.257359382857143
740.49498	-0.0541478971428572
740.49995	-0.149729645714286
740.50493	-0.290857428571429
740.5099	0.144782822857143
740.51488	0.417155977142857
740.52013	0.836734845714286
740.5251	0.616991634285714
740.53008	0.304658754285714
740.53505	0.339337554285714
740.54003	0.316443954285714
740.545	0.171742057142857
740.54998	-0.08732848
740.55495	-0.29154568
740.55993	-0.603042708571429
740.5649	-0.77375128
740.56988	0.251193577142857
740.57513	1.02630457142857
740.5801	1.28212334857143
740.58508	0.507958708571428
740.59005	0.0788308571428571
740.59503	-0.132349154285714
740.6	-0.535266811428571
740.60497	-0.0322210857142858
740.60995	0.506390274285714
740.61492	0.586854765714286
740.6199	0.354605291428571
740.62487	0.518063497142857
740.63012	0.600626891428571
740.6351	0.315814605714286
740.64007	0.492401222857143
740.64505	0.239053142857143
740.65002	0.353365348571429
740.655	0.670593577142857
740.65997	0.948674445714286
740.66494	0.301411931428571
740.66992	0.480190057142857
740.67489	0.504194994285714
740.67987	0.559881885714286
740.68512	0.433882434285714
740.69009	0.933268777142857
740.69506	0.682938011428571
740.70004	0.188705702857143
740.70501	0.137310697142857
740.70999	0.437003428571429
740.71496	0.281547474285714
740.71994	-0.0403036
740.72491	-0.226726891428571
740.72988	0.527326228571428
740.73513	0.58758416
740.74011	0.791166902857143
740.74508	0.436199394285714
740.75006	1.49916042285714
740.75503	1.93056124571429
740.76	2.37163914285714
740.76498	4.57617227428571
740.76995	6.39413586285714
740.77492	6.76514401142857
740.7799	5.48241501714286
740.78487	7.13364477714285
740.79012	7.16964422857143
740.7951	10.3987386628571
740.80007	11.04967088
740.80504	12.0419070628571
740.81002	8.30631604571428
740.81499	8.20035776
740.81996	6.19392357714286
740.82494	5.99493340571428
740.82991	3.38279603428571
740.83488	2.05164248
740.84013	0.192786422857143
740.84511	0.536772525714286
740.85008	0.668151817142857
740.85505	0.994792845714286
740.86003	0.536132617142857
740.865	0.460672022857143
740.86997	0.350458708571428
740.87495	0.286804022857143
740.87992	0.454628102857143
740.88489	0.176666822857143
740.88987	0.219323737142857
740.89512	0.0969182171428571
740.90009	0.379511394285714
740.90506	0.451633931428571
740.91004	0.820548971428571
740.91501	0.390815017142857
740.91998	0.612962
740.92496	0.457293885714286
740.92993	0.229983577142857
740.9349	-0.0213412342857143
740.93988	0.304796308571429
740.94513	0.278595714285714
740.9501	0.14162576
740.95507	0.684800377142857
740.96004	0.722209177142857
740.96502	0.134790217142857
740.96999	-0.216107474285714
740.97496	0.0386051771428571
740.97994	0.811835394285714
740.98491	0.693467017142857
740.98988	0.909651817142857
740.99513	0.86889152
741.0001	0.681008857142857
741.00508	0.00541554285714279
741.01005	-0.02536096
741.01502	0.15208304
741.01999	0.410131348571429
741.02497	0.486389394285714
741.02994	0.249316502857143
741.03491	-0.153278045714286
741.03989	0.233237737142857
741.04513	0.134929451428571
741.05011	-0.571765668571429
741.05508	-0.612089714285714
741.06005	0.156917634285714
741.06502	0.516814811428571
741.07	-0.357087931428571
741.07497	-0.1615528
741.07994	0.0878588342857142
741.08491	0.321732148571429
741.08989	-0.05017816
741.09514	0.104777051428571
741.10011	0.0749444342857143
741.10508	0.39970088
741.11005	0.373724582857143
741.11503	0.0282368685714286
741.12	-0.271475817142857
741.12497	-0.3407908
741.12994	-0.429231451428571
741.13491	-0.413879371428571
741.13989	0.252642217142857
741.14514	1.10002060571429
741.15011	1.12974861714286
741.15508	-0.0882610857142859
741.16005	0.192815737142857
741.16502	0.652069828571429
741.17	0.47868464
741.17497	-0.308224891428571
741.17994	0.378266102857143
741.18491	0.28394288
741.18988	-0.00174489142857155
741.19513	0.443419657142857
741.2001	0.598469394285714
741.20508	0.219849714285714
741.21005	-0.225860388571429
741.21502	-0.0383791428571428
741.21999	0.0841688342857143
741.22496	0.0573592228571428
741.22994	0.622620731428571
741.23491	0.510032994285714
741.23988	0.330464102857143
741.24513	-0.163485897142857
741.2501	-0.20451568
741.25507	-0.382012034285714
741.26004	-0.295746811428571
741.26501	0.196194594285714
741.26999	0.27206744
741.27496	0.202669931428571
741.27993	-0.210488011428571
741.2849	-0.347357028571428
741.28987	-0.286079714285714
741.29512	-0.0465664342857143
741.30009	0.217780125714286
741.30506	0.172422182857143
741.31003	0.277837931428571
741.31501	0.12894248
741.31998	0.0637632457142857
741.32495	-0.12909904
741.32992	0.193860594285714
741.33489	0.228644548571428
741.33986	0.358990571428571
741.34511	-0.119002205714286
741.35008	-0.0485119771428571
741.35505	0.09884288
741.36002	0.345553897142857
741.365	0.252152137142857
741.36997	0.0881496457142857
741.37494	-0.233793657142857
741.37991	-0.515483268571429
741.38488	-0.268234377142857
741.39013	0.0704258514285715
741.3951	-0.0233489028571429
741.40007	0.111962068571429
741.40504	0.198571794285714
741.41001	0.486133897142857
741.41498	0.282131771428571
741.41995	0.386499302857143
741.42493	0.242090274285714
741.4299	0.261334297142857
741.43487	0.209117394285714
741.44011	-0.0486850171428571
741.44509	-0.204290011428572
741.45006	0.243143565714286
741.45503	0.39068048
741.46	0.163661737142857
741.46497	0.211653302857143
741.46994	0.893914125714286
741.47491	0.660570731428571
741.47988	0.348062034285714
741.48513	0.122944057142857
741.4901	0.873860514285714
741.49507	0.983542057142857
741.50004	0.595116148571428
741.50501	0.0881052799999999
741.50998	0.305957462857143
741.51495	0.743942822857143
741.51992	0.671646388571429
741.52489	0.318331177142857
741.52986	0.26497424
741.53511	0.131164811428571
741.54008	0.00697482285714285
741.54505	0.203751165714286
741.55002	0.932706628571428
741.55499	1.00674649142857
741.55996	0.485287588571428
741.56493	0.268055497142857
741.5699	0.289772342857143
741.57487	0.709042537142857
741.58012	0.58288568
741.58509	0.191959657142857
741.59006	0.0608719314285714
741.59503	0.616079668571429
741.6	0.518420171428571
741.60497	0.223993245714286
741.60994	0.51590144
741.61491	1.0502888
741.61988	0.616166617142857
741.62513	0.103455851428571
741.6301	-0.0170955999999999
741.63507	-0.283176228571428
741.64004	-0.696177382857143
741.64501	-0.698356685714286
741.64998	-0.321505737142857
741.65495	0.465105817142857
741.65992	0.506779142857143
741.66489	0.580474742857143
741.67014	0.229455062857143
741.67511	0.378622674285714
741.68008	0.56799296
741.68505	0.769886754285714
741.69002	0.337670377142857
741.69499	0.165514434285714
741.69996	0.594587325714286
741.70493	0.352603794285714
741.7099	-0.0909166857142857
741.71487	-0.196759257142857
741.72011	0.433833954285714
741.72508	0.368821177142857
741.73005	0.347514148571428
741.73502	0.422986057142857
741.73999	0.819054251428571
741.74496	0.894631897142857
741.74993	0.340365337142857
741.7549	0.0541255657142857
741.75987	-0.0380872342857143
741.76511	0.44947184
741.77008	0.371779691428571
741.77505	-0.226227485714286
741.78002	-0.68767144
741.78499	-0.330851954285714
741.78996	0.300778674285714
741.79493	0.445473508571429
741.7999	-0.0979604457142857
741.80487	-0.328049714285714
741.81012	-0.282029234285714
741.81508	0.136722662857143
741.82005	0.472298857142857
741.82502	0.540638514285714
741.82999	0.44464136
741.83496	0.0765653942857143
741.83993	0.00554181714285717
741.8449	0.03268712
741.84987	0.205425234285714
741.85512	-0.273298205714286
741.86008	-0.727439165714286
741.86505	-0.483666982857143
741.87002	-0.101245737142857
741.87499	0.4430612
741.87996	0.0399257942857142
741.88493	-0.227080205714286
741.8899	0.496309005714285
741.89487	1.34880902857143
741.90011	0.85409984
741.90508	-0.0504655428571429
741.91005	0.278730148571429
741.91502	0.194750308571429
741.91999	-0.0131040914285714
741.92496	-0.429915142857143
741.92993	-0.00255088000000001
741.9349	-0.0123325599999999
741.93986	-0.106732925714286
741.94511	-0.690420434285714
741.95008	-0.480560971428571
741.95505	-0.557322057142857
741.96002	0.0348061828571429
741.96498	0.0148875200000001
741.96995	-0.0685343885714285
741.97492	-0.547352662857143
741.97989	-0.489467097142857
741.98513	-0.240232822857143
741.9901	0.109383714285714
741.9901	0.159517897142857
741.99507	0.482574834285714
742.00004	0.803568662857143
742.00501	0.620592971428571
742.00998	-0.00264756571428579
742.01495	0.0308321257142857
742.01991	0.141619348571429
742.02488	-0.326370091428571
742.03013	-0.0857093714285715
742.0351	0.176649028571429
742.04006	0.280220171428571
742.04503	-0.210753622857143
742.05	0.0740786171428572
742.05497	-0.352437897142857
742.05994	-0.589179074285714
742.06491	-0.648777965714286
742.06987	0.254142868571429
742.07512	0.234760057142857
742.08009	0.209035862857143
742.08506	0.273730331428571
742.09002	0.534057611428571
742.09499	0.33231176
742.09996	0.240244777142857
742.10493	0.286119714285714
742.1099	-0.251655245714286
742.11486	-0.0466292114285714
742.12011	0.132568948571429
742.12508	0.672068754285714
742.13004	0.155614845714286
742.13501	-0.100665691428571
742.13998	-0.04954888
742.14495	0.201382125714286
742.14992	0.315606834285714
742.15488	-0.350756868571429
742.16013	-0.137851257142857
742.1651	-0.712098262857143
742.17006	-0.758493005714285
742.17503	-1.22251109714286
742.18	-0.392407805714286
742.18497	0.227273771428571
742.18994	0.434108925714286
742.1949	-0.5472016
742.19987	-0.818237851428571
742.20511	-0.518105062857143
742.21008	0.206124182857143
742.21505	-0.00728021714285717
742.22002	7.63348571428568E-4
742.22499	-0.172206022857143
742.22995	-0.0425470857142857
742.23492	-0.01258192
742.23989	0.100596251428571
742.24513	0.1433456
742.2501	0.100939965714286
742.25507	0.0983210857142857
742.26003	0.536581725714286
742.265	0.682559668571428
742.26997	0.735024937142857
742.27494	0.718345142857143
742.2799	0.9357404
742.28487	0.255254514285714
742.29011	0.00960961142857139
742.29508	0.0217273142857143
742.30005	0.0996098171428571
742.30502	0.185034251428571
742.30998	0.568467165714286
742.31495	0.832916822857143
742.31992	0.994006777142857
742.32489	0.923501462857143
742.33013	0.966024662857143
742.3351	0.661502
742.34006	0.433515748571428
742.34503	0.06200888
742.35	0.09248216
742.35496	-0.372436857142857
742.35993	-0.693343668571428
742.3649	0.0864882285714285
742.36987	1.24950529142857
742.37511	2.17955507428571
742.38008	2.57332814857143
742.38504	1.91807925714286
742.39001	2.70222501714286
742.39498	5.81743664
742.39994	9.16204057142857
742.40491	9.11557681142857
742.40988	8.91638315428571
742.41512	7.79834946285714
742.42009	7.38802677714286
742.42505	7.61548646857143
742.43002	8.43798902857143
742.43499	7.76530245714286
742.43995	4.65724341714286
742.44492	6.35745453714286
742.44989	6.20851547428571
742.45513	6.17444514285714
742.4601	2.96387075428571
742.46506	3.05201977142857
742.47003	1.46220817142857
742.475	0.376413165714285
742.47996	0.262815817142857
742.48493	0.791899211428571
742.4899	1.44108714285714
742.49514	1.89956456
742.5001	1.07176557714286
742.50507	0.202330125714286
742.51004	-0.0769473828571429
742.515	0.306710171428571
742.51997	1.08496718857143
742.52494	1.16597795428571
742.5299	1.32638853714286
742.53487	0.478638525714285
742.54011	0.343017371428571
742.54508	0.34075376
742.55004	0.938657257142857
742.55501	0.986882137142857
742.55998	0.497438377142857
742.56494	0.160207451428571
742.56991	0.10661792
742.57487	0.3055496
742.58012	0.45551144
742.58508	0.72220952
742.59005	0.451292891428571
742.59501	0.729524925714286
742.59998	0.452674125714286
742.60495	0.247190137142857
742.60991	-0.429752045714286
742.61488	-0.0108087657142857
742.62012	0.524009291428571
742.62509	0.570599702857143
742.63005	0.354757451428571
742.63502	0.158290262857143
742.63998	0.553658068571428
742.64495	1.0142624
742.64992	0.566814491428571
742.65488	0.0378700914285713
742.66012	0.124873794285714
742.66509	0.997054674285714
742.67006	0.921204114285714
742.67502	0.672085691428571
742.67999	0.0876234971428571
742.68495	0.3288668
742.68992	0.401993874285714
742.69488	0.729176788571428
742.70013	-0.10518688
742.70509	0.133242902857143
742.71006	0.276815325714286
742.71502	0.624264011428571
742.71999	-0.357500354285714
742.72495	0.454203577142857
742.72992	1.08529074285714
742.73488	0.61628216
742.74013	-0.2056516
742.74509	-0.210473508571429
742.75006	0.196241051428571
742.75502	0.279448228571429
742.75999	0.273018697142857
742.76495	-0.0427887314285713
742.76992	-0.26942968
742.77488	0.0362917142857143
742.78012	-0.10983136
742.78509	0.485263142857143
742.79005	0.563262628571428
742.79502	0.5264456
742.79999	0.1202828
742.80495	0.436678777142857
742.80992	0.254627531428571
742.81488	0.219677428571429
742.82012	0.0848927085714285
742.82509	0.782281074285714
742.83005	0.739974422857143
742.83502	0.687614034285714
742.83998	0.132302
742.84495	0.0169825485714286