	NH3		He		Ne		Ar
8.98E-4	0.0160658779931251	7.98E-4	0.00967821904449286	9.98E-4	0	0.001198	0.0155166796781026
8.96E-4	0.0163149037888693	7.96E-4	0.00945729484063405	9.96E-4	0.00163249712178707	0.001196	0.0161277782933193
8.94E-4	0.0161321166990785	7.94E-4	0.00968463709928153	9.94E-4	0.00426000310888424	0.001194	0.0190424081958589
8.92E-4	0.0156753628569213	7.92E-4	0.00968373076925149	9.92E-4	0.00595124057995779	0.001192	0.0241643040938474
8.9E-4	0.0161368926185841	7.9E-4	0.00995423864570013	9.9E-4	0.00663043699008999	0.00119	0.0241219652549578
8.88E-4	0.0163408945168333	7.88E-4	0.0104933971276177	9.88E-4	0.00887511200435333	0.001188	0.0262214830930782
8.86E-4	0.0165880629341689	7.86E-4	0.010670642688089	9.86E-4	0.0114542940080948	0.001186	0.0258165004866676
8.84E-4	0.016519082645767	7.84E-4	0.0100908013226654	9.84E-4	0.0127440992977623	0.001184	0.0280982869224968
8.82E-4	0.0166208287626527	7.82E-4	0.0101765453328827	9.82E-4	0.0165951249043892	0.001182	0.0291597052075685
8.8E-4	0.016437442252444	7.8E-4	0.0108338125926884	9.8E-4	0.0177226192729561	0.00118	0.0293934326322812
8.78E-4	0.0168356367262588	7.78E-4	0.0113027675972235	9.78E-4	0.0184394594545094	0.001178	0.0305009618960027
8.76E-4	0.0170353466407528	7.76E-4	0.0112251687217207	9.76E-4	0.0211405575126442	0.001176	0.037671736513583
8.74E-4	0.0171887000668148	7.74E-4	0.0111353769532807	9.74E-4	0.0239232399117037	0.001174	0.0373406244671506
8.72E-4	0.0170191493268702	7.72E-4	0.0114432701468189	9.72E-4	0.0260511386439708	0.001172	0.0378115369361548
8.7E-4	0.0177784804622609	7.7E-4	0.0114953005918388	9.7E-4	0.0291559055661632	0.00117	0.038427920696757
8.68E-4	0.0181761218666448	7.68E-4	0.0122895825555929	9.68E-4	0.0317123251267115	0.001168	0.0385642369012567
8.66E-4	0.0188106123083952	7.66E-4	0.0124022123840919	9.66E-4	0.0341537282276336	0.001166	0.0386930499578895
8.64E-4	0.01875190013891	7.64E-4	0.0125370784804353	9.64E-4	0.0378699198621088	0.001164	0.0424419820426334
8.62E-4	0.0188161706954468	7.62E-4	0.0122744826694021	9.62E-4	0.0396341928241207	0.001162	0.0432179583284192
8.6E-4	0.0188268738458934	7.6E-4	0.011802799115296	9.6E-4	0.0410097371367259	0.00116	0.0488719865247219
8.58E-4	0.0178935165468748	7.58E-4	0.011047333204586	9.58E-4	0.0433252620086817	0.001158	0.0528474237699161
8.56E-4	0.0176233344706154	7.56E-4	0.011746526535899	9.56E-4	0.0455773424314009	0.001156	0.0546553970399656
8.54E-4	0.0172077145781101	7.54E-4	0.0122417632904331	9.54E-4	0.0469790974933712	0.001154	0.057985447395742
8.52E-4	0.0172744509679905	7.52E-4	0.0119407014855188	9.52E-4	0.050120579174762	0.001152	0.0605279810159517
8.5E-4	0.0172548906541626	7.5E-4	0.0114770137561068	9.5E-4	0.0531147554363458	0.00115	0.0646228052186475
8.48E-4	0.0164716946514286	7.48E-4	0.0113549227707346	9.48E-4	0.0548850162876266	0.001148	0.0639000000255873
8.46E-4	0.0161285461016995	7.46E-4	0.0115550277862977	9.46E-4	0.0566884551425603	0.001146	0.0643818281085978
8.44E-4	0.0154004875466146	7.44E-4	0.0125598100205376	9.44E-4	0.0584685556429174	0.001144	0.0648944611617926
8.42E-4	0.0158995637699272	7.42E-4	0.0136160700706381	9.42E-4	0.0584953324421009	0.001142	0.0648075728852447
8.4E-4	0.015682130101347	7.4E-4	0.0142628305482209	9.4E-4	0.0597245858358465	0.00114	0.0694993410158189
8.38E-4	0.0163204405716557	7.38E-4	0.0145214254880194	9.38E-4	0.0611575882758263	0.001138	0.0715826985863737
8.36E-4	0.0163594679081279	7.36E-4	0.0143134953528144	9.36E-4	0.063824198352317	0.001136	0.0714002447133472
8.34E-4	0.0158346600117421	7.34E-4	0.0137258520836371	9.34E-4	0.0642947076597533	0.001134	0.0709404717974567
8.32E-4	0.015713272270394	7.32E-4	0.0145367962262279	9.32E-4	0.065144378129466	0.001132	0.0751841474010111
8.3E-4	0.0157530235464684	7.3E-4	0.0142993955706278	9.3E-4	0.0651896896097118	0.00113	0.0782553285530398
8.28E-4	0.0163022472192009	7.28E-4	0.0149212017007054	9.28E-4	0.0645394351033926	0.001128	0.0752223536953228
8.26E-4	0.0170771438416413	7.26E-4	0.0145335610240591	9.26E-4	0.0638939823766476	0.001126	0.0772628623942679
8.24E-4	0.0174954982461062	7.24E-4	0.0153901316684997	9.24E-4	0.0627313270667378	0.001124	0.0780395459619761
8.22E-4	0.0178373640911314	7.22E-4	0.0158026087923598	9.22E-4	0.0622086819195876	0.001122	0.0780999590621485
8.2E-4	0.0179164500735854	7.2E-4	0.0157272158813578	9.2E-4	0.0623420196976817	0.00112	0.0753223234882344
8.18E-4	0.0191170404653828	7.18E-4	0.01568830104699	9.18E-4	0.0612878164589665	0.001118	0.0720530485569565
8.16E-4	0.0195364742979686	7.16E-4	0.0155439924575281	9.16E-4	0.0611819275472047	0.001116	0.0670725993537788
8.14E-4	0.0197380066312286	7.14E-4	0.0155764086643213	9.14E-4	0.0631059390406301	0.001114	0.0661589316032705
8.12E-4	0.0197557246896411	7.12E-4	0.0152147716022416	9.12E-4	0.0638154224249676	0.001112	0.0648367219858267
8.1E-4	0.0201413069807419	7.1E-4	0.0158016969997689	9.1E-4	0.0640221684309042	0.00111	0.0634533822060954
8.08E-4	0.0209435131739129	7.08E-4	0.016822828225978	9.08E-4	0.0644059056668698	0.001108	0.0637597884691941
8.06E-4	0.0218173177007641	7.06E-4	0.0164884944129388	9.06E-4	0.0652560579603117	0.001106	0.0650955491438626
8.04E-4	0.0217900387688227	7.04E-4	0.015710344304327	9.04E-4	0.0651209108996126	0.001104	0.067318931258875
8.02E-4	0.0223405042945409	7.02E-4	0.0156037123685796	9.02E-4	0.0658092522296517	0.001102	0.0693520002441395
8E-4	0.0228927299794315	7E-4	0.015431456858225	9E-4	0.0668448397395524	0.0011	0.0657741063487055
7.98E-4	0.0237257662580809	6.98E-4	0.014919409525261	8.98E-4	0.0668689794719444	0.001098	0.0672311996916725
7.96E-4	0.0242638491956034	6.96E-4	0.0148504173709374	8.96E-4	0.0668125921849119	0.001096	0.06889122005934
7.94E-4	0.0238661926682262	6.94E-4	0.0139130049101951	8.94E-4	0.0655539393801155	0.001094	0.0667881469824638
7.92E-4	0.0239585817773766	6.92E-4	0.0130256586483275	8.92E-4	0.0667616905001133	0.001092	0.0673423158015389
7.9E-4	0.0240486637464008	6.9E-4	0.0119320151019905	8.9E-4	0.0639477180766529	0.00109	0.0642984862046719
7.88E-4	0.0235588826640376	6.88E-4	0.011793108530839	8.88E-4	0.0633333412715505	0.001088	0.0629240286719927
7.86E-4	0.0232438591482018	6.86E-4	0.0118675819106203	8.86E-4	0.0629870785493636	0.001086	0.0646594589295563
7.84E-4	0.0237847757809433	6.84E-4	0.0127165331919097	8.84E-4	0.063483017125648	0.001084	0.0645870675558337
7.82E-4	0.0241943902743177	6.82E-4	0.0120915583208302	8.82E-4	0.062505832102822	0.001082	0.0672353139555252
7.8E-4	0.0236470108210269	6.8E-4	0.0125082361546425	8.8E-4	0.0608478999868156	0.00108	0.0632320929984356
7.78E-4	0.0237453271611165	6.78E-4	0.0141162035565366	8.78E-4	0.0595872509431871	0.001078	0.0621781695434786
7.76E-4	0.0241868727723626	6.76E-4	0.0150215603395564	8.76E-4	0.0587855598678521	0.001076	0.0641643593933065
7.74E-4	0.0238469126207601	6.74E-4	0.0146668625516951	8.74E-4	0.0550057813029438	0.001074	0.0684868273724751
7.72E-4	0.023404407190513	6.72E-4	0.0149250100166471	8.72E-4	0.0567399598635128	0.001072	0.0705693007949239
7.7E-4	0.0237423184712721	6.7E-4	0.0143198701623311	8.7E-4	0.0575138784039998	0.00107	0.0731315349312374
7.68E-4	0.024215921880003	6.68E-4	0.0141773441888377	8.68E-4	0.0564163027790078	0.001068	0.0777920828445747
7.66E-4	0.0243349906970778	6.66E-4	0.0133146395428172	8.66E-4	0.0609680941194966	0.001066	0.0859863300448795
7.64E-4	0.024124568597621	6.64E-4	0.0128614276411142	8.64E-4	0.0601360027598629	0.001064	0.0831017600808903
7.62E-4	0.0242990735905386	6.62E-4	0.0120913680415972	8.62E-4	0.059194063361627	0.001062	0.0809857894833457
7.6E-4	0.0248242909861303	6.6E-4	0.0125879458550305	8.6E-4	0.0583422956209571	0.00106	0.0849848224137999
7.58E-4	0.026037312477537	6.58E-4	0.0129058742296341	8.58E-4	0.0584933586475943	0.001058	0.0849334128533922
7.56E-4	0.0268875655954275	6.56E-4	0.0133129202015212	8.56E-4	0.0583885509384459	0.001056	0.085190904328992
7.54E-4	0.0275844590023765	6.54E-4	0.012596860300518	8.54E-4	0.0558265448523851	0.001054	0.0896472998594619
7.52E-4	0.0280917929686545	6.52E-4	0.0124218867105007	8.52E-4	0.0569623204152739	0.001052	0.0855016509887286
7.5E-4	0.0280310175909446	6.5E-4	0.0122970812871743	8.5E-4	0.0567453942204105	0.00105	0.0908846375662377
7.48E-4	0.0288326589305365	6.48E-4	0.0118851936647648	8.48E-4	0.0560670943206851	0.001048	0.0898791353187527
7.46E-4	0.0296729858662576	6.46E-4	0.01221483741337	8.46E-4	0.0573246934612507	0.001046	0.0859838223840647
7.44E-4	0.0303405402754805	6.44E-4	0.0126266426421432	8.44E-4	0.0560157501495945	0.001044	0.0923444354536196
7.42E-4	0.0303454796018633	6.42E-4	0.0124701152125738	8.42E-4	0.0580889753965318	0.001042	0.0944757128822741
7.4E-4	0.0308319674071664	6.4E-4	0.0124777245610292	8.4E-4	0.0576335239459759	0.00104	0.0941300892170193
7.38E-4	0.0316471642506608	6.38E-4	0.0124648497583063	8.38E-4	0.0573423268426237	0.001038	0.0911681685881251
7.36E-4	0.0320399647263137	6.36E-4	0.0127231861368521	8.36E-4	0.0552697188255322	0.001036	0.0919010765419881
7.34E-4	0.0322857013694489	6.34E-4	0.0116141764044415	8.34E-4	0.0567932734316785	0.001034	0.0922499039073265
7.32E-4	0.0327578378479325	6.32E-4	0.0116343277945688	8.32E-4	0.0558046242129127	0.001032	0.0958045882981726
7.3E-4	0.0338542759958587	6.3E-4	0.0118246489069062	8.3E-4	0.0554498848936197	0.00103	0.0991397939146602
7.28E-4	0.0351051065390517	6.28E-4	0.0121144710359019	8.28E-4	0.0583570757211376	0.001028	0.0970955539334132
7.26E-4	0.0347254078775357	6.26E-4	0.0120608787534487	8.26E-4	0.0604477519648139	0.001026	0.0969985480886566
7.24E-4	0.0356395236239778	6.24E-4	0.0121153391279999	8.24E-4	0.0607910934850576	0.001024	0.0985365050153458
7.22E-4	0.0362845630402163	6.22E-4	0.0119242696447075	8.22E-4	0.0626965697096516	0.001022	0.0967573799448315
7.2E-4	0.0375954022057747	6.2E-4	0.0121725184926375	8.2E-4	0.061644728545752	0.00102	0.0994121479993301
7.18E-4	0.038250731148802	6.18E-4	0.0126965170001851	8.18E-4	0.0644071062750367	0.001018	0.102355229500679
7.16E-4	0.0383886932968254	6.16E-4	0.0141950506273895	8.16E-4	0.066994136282373	0.001016	0.104951756207171
7.14E-4	0.0393924294664256	6.14E-4	0.0149679976459801	8.14E-4	0.068214360852811	0.001014	0.105864691996764
7.12E-4	0.0397837333550539	6.12E-4	0.0162168967554331	8.12E-4	0.0699909630207438	0.001012	0.111339235203978
7.1E-4	0.0401619199137494	6.1E-4	0.0168353980356779	8.1E-4	0.0732212802583444	0.00101	0.113376560128852
7.08E-4	0.0402523186799978	6.08E-4	0.0176008986722394	8.08E-4	0.0735652875979037	0.001008	0.116152748416409
7.06E-4	0.0405167879968429	6.06E-4	0.0182709269313989	8.06E-4	0.0748617319670647	0.001006	0.119937897119458
7.04E-4	0.0405975435969189	6.04E-4	0.0174207643270516	8.04E-4	0.0750889976163136	0.001004	0.121282216654839
7.02E-4	0.0404125776178329	6.02E-4	0.0162954224455713	8.02E-4	0.073911425537469	0.001002	0.128853391627974
7E-4	0.0407319571446365	6E-4	0.0169699413856681	8E-4	0.0769384467950947	1E-3	0.136040783257442
6.98E-4	0.0410542314478358	5.98E-4	0.015763856924424	7.98E-4	0.0785204500178359	9.98E-4	0.141095441854157
6.96E-4	0.0405368732945417	5.96E-4	0.0157042066610394	7.96E-4	0.0780138122248657	9.96E-4	0.141110436084564
6.94E-4	0.0397654547639106	5.94E-4	0.0146617491387258	7.94E-4	0.0781567327069525	9.94E-4	0.142192786550744
6.92E-4	0.0412636183097319	5.92E-4	0.0151072255978423	7.92E-4	0.0822623263423818	9.92E-4	0.147498805262118
6.9E-4	0.0414713430173008	5.9E-4	0.0158172675767008	7.9E-4	0.081649599880971	9.9E-4	0.146122133474535
6.88E-4	0.0418427204978464	5.88E-4	0.0167639572880691	7.88E-4	0.0806012231761983	9.88E-4	0.149552122637352
6.86E-4	0.0421368238089667	5.86E-4	0.0167877845270088	7.86E-4	0.0815165174805632	9.86E-4	0.152793214056889
6.84E-4	0.0428440067427055	5.84E-4	0.0166480663102307	7.84E-4	0.0817592787925513	9.84E-4	0.154469092145836
6.82E-4	0.042144774182024	5.82E-4	0.0160419700524023	7.82E-4	0.0837036817071003	9.82E-4	0.157392999616475
6.8E-4	0.0418033673296314	5.8E-4	0.015886233783855	7.8E-4	0.0859949704079074	9.8E-4	0.164876894191138
6.78E-4	0.0417554547442191	5.78E-4	0.016782044285085	7.78E-4	0.0888761284950349	9.78E-4	0.166805548603819
6.76E-4	0.0419456905950883	5.76E-4	0.0167614736433486	7.76E-4	0.0897214820783997	9.76E-4	0.168163387113715
6.74E-4	0.0422469832195908	5.74E-4	0.018200706611118	7.74E-4	0.0892812788805313	9.74E-4	0.175676793204632
6.72E-4	0.0433980029961006	5.72E-4	0.0181899330737961	7.72E-4	0.0911383810302047	9.72E-4	0.181523953055507
6.7E-4	0.0439275917220555	5.7E-4	0.0185001569603292	7.7E-4	0.0903296856054068	9.7E-4	0.174693863195047
6.68E-4	0.0447493128600792	5.68E-4	0.0194209186225702	7.68E-4	0.0922871083841586	9.68E-4	0.181994065376398
6.66E-4	0.045860562702275	5.66E-4	0.0197490997702789	7.66E-4	0.0960786841743957	9.66E-4	0.183979953593971
6.64E-4	0.0466112415220856	5.64E-4	0.0205885216126764	7.64E-4	0.0985516363782094	9.64E-4	0.192287697148213
6.62E-4	0.0488312062394561	5.62E-4	0.020174580522278	7.62E-4	0.10102205635701	9.62E-4	0.199989234196669
6.6E-4	0.0495851989585919	5.6E-4	0.0208054253711202	7.6E-4	0.104864716717381	9.6E-4	0.209266806226728
6.58E-4	0.051031153025183	5.58E-4	0.0204622390216235	7.58E-4	0.107167237246776	9.58E-4	0.212639922537921
6.56E-4	0.0518865856697112	5.56E-4	0.0208432895727874	7.56E-4	0.109731052593672	9.56E-4	0.220313809780919
6.54E-4	0.0531436802741289	5.54E-4	0.0219499317399121	7.54E-4	0.109790397176434	9.54E-4	0.22231125910551
6.52E-4	0.055506008715874	5.52E-4	0.0227609004640308	7.52E-4	0.111377433087543	9.52E-4	0.224056363349065
6.5E-4	0.0564980100327163	5.5E-4	0.0237451343619922	7.5E-4	0.111090145106553	9.5E-4	0.228877304392685
6.48E-4	0.0567642638626459	5.48E-4	0.024343713679701	7.48E-4	0.113657832480629	9.48E-4	0.229914957072982
6.46E-4	0.0569301844952506	5.46E-4	0.0250270410005442	7.46E-4	0.117879528894118	9.46E-4	0.234354512018068
6.44E-4	0.0568127473901175	5.44E-4	0.0269169990388008	7.44E-4	0.121582000449316	9.44E-4	0.232438733463371
6.42E-4	0.0581583653133468	5.42E-4	0.0271559228386866	7.42E-4	0.122482720875702	9.42E-4	0.240593123801171
6.4E-4	0.0600217862415231	5.4E-4	0.028141973038415	7.4E-4	0.123977654133511	9.4E-4	0.246453103479562
6.38E-4	0.0615448098261391	5.38E-4	0.0282321740437705	7.38E-4	0.1250998335072	9.38E-4	0.250337653170212
6.36E-4	0.0612889843795641	5.36E-4	0.0294174866589198	7.36E-4	0.125591417100564	9.36E-4	0.251409870255344
6.34E-4	0.0617622216940417	5.34E-4	0.0298677087185164	7.34E-4	0.129091493757789	9.34E-4	0.25464868471704
6.32E-4	0.0625062532713592	5.32E-4	0.0310265115217168	7.32E-4	0.129291451955202	9.32E-4	0.259728323856646
6.3E-4	0.064626843628394	5.3E-4	0.032798266552896	7.3E-4	0.132620287004796	9.3E-4	0.268260212253295
6.28E-4	0.0661860011479037	5.28E-4	0.0347817386401839	7.28E-4	0.138457896425488	9.28E-4	0.275375017819138
6.26E-4	0.0675291620759012	5.26E-4	0.0353339490028664	7.26E-4	0.141429775958199	9.26E-4	0.272133291875028
6.24E-4	0.0705495624179388	5.24E-4	0.03718092032222	7.24E-4	0.143921388474697	9.24E-4	0.273698763786723
6.22E-4	0.0739556353962264	5.22E-4	0.0381303577021264	7.22E-4	0.146205025706699	9.22E-4	0.276784857454241
6.2E-4	0.0750679901988679	5.2E-4	0.0390993000690252	7.2E-4	0.152316940448217	9.2E-4	0.279850173412933
6.18E-4	0.076489008611704	5.18E-4	0.0393138795074638	7.18E-4	0.158320582760227	9.18E-4	0.282278085225317
6.16E-4	0.0774835778911845	5.16E-4	0.0403413450291804	7.16E-4	0.160409956688764	9.16E-4	0.289479674227655
6.14E-4	0.0783424872527039	5.14E-4	0.041755025954152	7.14E-4	0.163603831242032	9.14E-4	0.297832546993287
6.12E-4	0.0797158872910687	5.12E-4	0.0434712854553393	7.12E-4	0.16976062253151	9.12E-4	0.306084731898458
6.1E-4	0.0787786752002509	5.1E-4	0.0452555110596774	7.1E-4	0.174725073963487	9.1E-4	0.316768870945158
6.08E-4	0.0803955561990805	5.08E-4	0.0465210054315911	7.08E-4	0.181963222120433	9.08E-4	0.325866028776002
6.06E-4	0.0816470370309418	5.06E-4	0.0496690601675747	7.06E-4	0.184119354965669	9.06E-4	0.330400314070459
6.04E-4	0.0835375316504485	5.04E-4	0.0513521578222944	7.04E-4	0.18621028741426	9.04E-4	0.342410023740463
6.02E-4	0.0859828189354752	5.02E-4	0.0548871467436105	7.02E-4	0.19047265588515	9.02E-4	0.345717303969292
6E-4	0.0877836247837566	5E-4	0.0572115505080506	7E-4	0.197349617454131	9E-4	0.347678818290402
5.98E-4	0.0880426641607819	4.98E-4	0.0610446282350748	6.98E-4	0.201016611474556	8.98E-4	0.351080355854367
5.96E-4	0.0885889042831903	4.96E-4	0.0645824881877793	6.96E-4	0.209878003312565	8.96E-4	0.353925594344385
5.94E-4	0.0911468115093197	4.94E-4	0.0684941453201308	6.94E-4	0.209856775726011	8.94E-4	0.362450846008959
5.92E-4	0.0915475423249733	4.92E-4	0.0711224432277281	6.92E-4	0.220309318558468	8.92E-4	0.365616106898726
5.9E-4	0.0946100103141274	4.9E-4	0.0719572246239571	6.9E-4	0.224985554412243	8.9E-4	0.364591720827295
5.88E-4	0.0935326045501216	4.88E-4	0.0741813453149912	6.88E-4	0.233319819770157	8.88E-4	0.369507823371592
5.86E-4	0.0952545817032181	4.86E-4	0.0778248953667636	6.86E-4	0.240175665429975	8.86E-4	0.376901381738911
5.84E-4	0.0956900926513597	4.84E-4	0.0832725169647575	6.84E-4	0.246795886877521	8.84E-4	0.386750517628335
5.82E-4	0.0954138635386368	4.82E-4	0.0858744985261309	6.82E-4	0.254691325543064	8.82E-4	0.39409998586164
5.8E-4	0.0954194278177641	4.8E-4	0.0885873582545527	6.8E-4	0.266063546420276	8.8E-4	0.406171419726652
5.78E-4	0.0962074019004326	4.78E-4	0.0921725053278634	6.78E-4	0.275838023200674	8.78E-4	0.411984932865944
5.76E-4	0.0953194536442008	4.76E-4	0.0989583949104339	6.76E-4	0.284184874100043	8.76E-4	0.413622578793329
5.74E-4	0.0954373407074526	4.74E-4	0.105301604410267	6.74E-4	0.294097542271218	8.74E-4	0.419410570828186
5.72E-4	0.0962925494531324	4.72E-4	0.110492908046265	6.72E-4	0.301622513848619	8.72E-4	0.432091497710808
5.7E-4	0.0983256544785471	4.7E-4	0.115906333552777	6.7E-4	0.314633681663318	8.7E-4	0.437826802909801
5.68E-4	0.0995707433911591	4.68E-4	0.124677736855073	6.68E-4	0.32638196939002	8.68E-4	0.442891522404435
5.66E-4	0.0993316606681994	4.66E-4	0.132643079544939	6.66E-4	0.336504486413556	8.66E-4	0.452173347266373
5.64E-4	0.0998578789309122	4.64E-4	0.13899940829713	6.64E-4	0.34499312754578	8.64E-4	0.460148395661898
5.62E-4	0.10096235897546	4.62E-4	0.147423356257957	6.62E-4	0.356640568801812	8.62E-4	0.471168868649048
5.6E-4	0.102120610095485	4.6E-4	0.157178216864025	6.6E-4	0.372507308934046	8.6E-4	0.480355535300854
5.58E-4	0.106108162124899	4.58E-4	0.166561633744114	6.58E-4	0.390856055716073	8.58E-4	0.498481916982193
5.56E-4	0.107664534264203	4.56E-4	0.178818413161472	6.56E-4	0.400505035124423	8.56E-4	0.509592272997101
5.54E-4	0.109914419919898	4.54E-4	0.187672480954823	6.54E-4	0.414415441691686	8.54E-4	0.515631992680933
5.52E-4	0.111480964922911	4.52E-4	0.198144824004004	6.52E-4	0.421205526216797	8.52E-4	0.528291300757765
5.5E-4	0.111257870345173	4.5E-4	0.210746878745495	6.5E-4	0.433880773223644	8.5E-4	0.533217699564504
5.48E-4	0.110408412264588	4.48E-4	0.224017977574614	6.48E-4	0.448868592617772	8.48E-4	0.532315747941715
5.46E-4	0.112897027707956	4.46E-4	0.235658081117762	6.46E-4	0.461500847790483	8.46E-4	0.547398199390717
5.44E-4	0.112649107658266	4.44E-4	0.251758164177651	6.44E-4	0.473184056420048	8.44E-4	0.557042294910231
5.42E-4	0.114714957497098	4.42E-4	0.270234319097072	6.42E-4	0.481149400213501	8.42E-4	0.565730746530266
5.4E-4	0.116865539693755	4.4E-4	0.282364874190704	6.4E-4	0.498297343646139	8.4E-4	0.58067390740662
5.38E-4	0.117244066225171	4.38E-4	0.293434660799973	6.38E-4	0.510900571644014	8.38E-4	0.593110800182058
5.36E-4	0.120858925270117	4.36E-4	0.306720030571545	6.36E-4	0.522882386290267	8.36E-4	0.601609189301334
5.34E-4	0.123254651956383	4.34E-4	0.320908272115778	6.34E-4	0.540529101334773	8.34E-4	0.614850565534837
5.32E-4	0.125549481377353	4.32E-4	0.334914697301029	6.32E-4	0.553008911228203	8.32E-4	0.636000746055342
5.3E-4	0.128191967570956	4.3E-4	0.350342162392297	6.3E-4	0.56314916819468	8.3E-4	0.643733356892308
5.28E-4	0.132593509744962	4.28E-4	0.366560831293797	6.28E-4	0.579447400753464	8.28E-4	0.649215907978666
5.26E-4	0.135029005776333	4.26E-4	0.379641720537882	6.26E-4	0.595504973646882	8.26E-4	0.656831027205487
5.24E-4	0.139359394271912	4.24E-4	0.400034737067169	6.24E-4	0.611616867447258	8.24E-4	0.660693176954229
5.22E-4	0.143675636877684	4.22E-4	0.417490961158319	6.22E-4	0.62349428362867	8.22E-4	0.673745003553202
5.2E-4	0.145759826978037	4.2E-4	0.430395688250002	6.2E-4	0.640617240518212	8.2E-4	0.679606501264434
5.18E-4	0.149786944486766	4.18E-4	0.446533861752656	6.18E-4	0.655741439342868	8.18E-4	0.688651439698007
5.16E-4	0.150886240291017	4.16E-4	0.466901428662178	6.16E-4	0.665910924568796	8.16E-4	0.699942816649954
5.14E-4	0.153726615355169	4.14E-4	0.486993475794886	6.14E-4	0.679625937844597	8.14E-4	0.709078941345373
5.12E-4	0.155847033074408	4.12E-4	0.504718167040474	6.12E-4	0.693167074927688	8.12E-4	0.720697507479274
5.1E-4	0.15831187654881	4.1E-4	0.52057725325831	6.1E-4	0.708662069211209	8.1E-4	0.734990289635306
5.08E-4	0.162501090144325	4.08E-4	0.543339624061877	6.08E-4	0.725492293770675	8.08E-4	0.746640523773224
5.06E-4	0.164936344404222	4.06E-4	0.565612842949432	6.06E-4	0.739446441281376	8.06E-4	0.74847203587542
5.04E-4	0.164196496789284	4.04E-4	0.586869736754652	6.04E-4	0.756124232186465	8.04E-4	0.756730035793298
5.02E-4	0.166594066320174	4.02E-4	0.603551136526839	6.02E-4	0.76614913163099	8.02E-4	0.7700613627847
5E-4	0.167785234302204	4E-4	0.625298688094245	6E-4	0.778348961272264	8E-4	0.781821772762522
4.98E-4	0.168618570683866	3.98E-4	0.647053052841738	5.98E-4	0.790902180895632	7.98E-4	0.793343094487975
4.96E-4	0.169580895190687	3.96E-4	0.671930591722289	5.96E-4	0.80650097004184	7.96E-4	0.805531276485352
4.94E-4	0.171540487743692	3.94E-4	0.691974490925708	5.94E-4	0.817025151156969	7.94E-4	0.80787515199979
4.92E-4	0.173518113384715	3.92E-4	0.708351905056829	5.92E-4	0.825907429540976	7.92E-4	0.806328592795615
4.9E-4	0.174640728646577	3.9E-4	0.731127786596343	5.9E-4	0.833111188266677	7.9E-4	0.81458633760574
4.88E-4	0.177010432984074	3.88E-4	0.747543593431974	5.88E-4	0.842211942570739	7.88E-4	0.83067001680768
4.86E-4	0.177607409959795	3.86E-4	0.763818481652895	5.86E-4	0.84982109395439	7.86E-4	0.837998607884912
4.84E-4	0.176827771591883	3.84E-4	0.781149905328067	5.84E-4	0.863725290692614	7.84E-4	0.854058954644256
4.82E-4	0.177804814305385	3.82E-4	0.796777809561589	5.82E-4	0.873565657395923	7.82E-4	0.861482884728164
4.8E-4	0.179263190437072	3.8E-4	0.817779141059182	5.8E-4	0.883705484807166	7.8E-4	0.869924092965303
4.78E-4	0.181457106880546	3.78E-4	0.837179061594567	5.78E-4	0.89468443002353	7.78E-4	0.880164032094825
4.76E-4	0.183652371037953	3.76E-4	0.850533886017354	5.76E-4	0.904509305766298	7.76E-4	0.887654934317826
4.74E-4	0.184778981322996	3.74E-4	0.866863775406433	5.74E-4	0.91124184247381	7.74E-4	0.888378328516398
4.72E-4	0.183982309162966	3.72E-4	0.887078351439875	5.72E-4	0.920088556680537	7.72E-4	0.899484951329513
4.7E-4	0.18809847104633	3.7E-4	0.900306224107803	5.7E-4	0.929372548638145	7.7E-4	0.909654852456652
4.68E-4	0.189532569669029	3.68E-4	0.909184552048111	5.68E-4	0.934136945129177	7.68E-4	0.916872795319622
4.66E-4	0.191086298623538	3.66E-4	0.923842852944768	5.66E-4	0.942486878150432	7.66E-4	0.922732200160083
4.64E-4	0.196270216230649	3.64E-4	0.937662566405328	5.64E-4	0.952545420311534	7.64E-4	0.934027802431384
4.62E-4	0.195634465277678	3.62E-4	0.944074723448567	5.62E-4	0.962318850524557	7.62E-4	0.936601926636677
4.6E-4	0.197988352340123	3.6E-4	0.951639596635623	5.6E-4	0.969700880895336	7.6E-4	0.952225747460247
4.58E-4	0.200804894550537	3.58E-4	0.961289227818662	5.58E-4	0.976432061908968	7.58E-4	0.956222161765782
4.56E-4	0.204582665734647	3.56E-4	0.968382732004127	5.56E-4	0.974276877494333	7.56E-4	0.96012790294988
4.54E-4	0.205571798789431	3.54E-4	0.974127635769549	5.54E-4	0.97634450776921	7.54E-4	0.963740937459128
4.52E-4	0.206669896538454	3.52E-4	0.98042882815518	5.52E-4	0.975369214861834	7.52E-4	0.968505452615274
4.5E-4	0.210087088844077	3.5E-4	0.98146937651218	5.5E-4	0.983937528431083	7.5E-4	0.970769340376336
4.48E-4	0.21095452894803	3.48E-4	0.986525306944024	5.48E-4	0.986893543678588	7.48E-4	0.96800784852591
4.46E-4	0.212028986906969	3.46E-4	0.993888588843521	5.46E-4	0.981980161991735	7.46E-4	0.972895156707454
4.44E-4	0.214254002114537	3.44E-4	0.995878324213017	5.44E-4	0.98286737317619	7.44E-4	0.97470941846143
4.42E-4	0.219185499108752	3.42E-4	0.998833374808437	5.42E-4	0.980683280339182	7.42E-4	0.979980823227158
4.4E-4	0.223471584896803	3.4E-4	0.999256534426925	5.4E-4	0.987747589550996	7.4E-4	0.981215585817179
4.38E-4	0.223387000233653	3.38E-4	0.996289176224773	5.38E-4	0.988515812696843	7.38E-4	0.99046935568099
4.36E-4	0.227191896173743	3.36E-4	1	5.36E-4	0.991702210829639	7.36E-4	0.995355723866769
4.34E-4	0.227328781839685	3.34E-4	0.997121204034689	5.34E-4	0.983324591284727	7.34E-4	0.994904120523185
4.32E-4	0.231158796677059	3.32E-4	0.991739826012055	5.32E-4	0.990491174696279	7.32E-4	0.993333147936143
4.3E-4	0.235154024116036	3.3E-4	0.984139681064073	5.3E-4	0.99022150353009	7.3E-4	1
4.28E-4	0.23708576718785	3.28E-4	0.978474218878301	5.28E-4	0.997684100410117	7.28E-4	0.996926476262261
4.26E-4	0.241018692023303	3.26E-4	0.969490943292105	5.26E-4	0.995504060352222	7.26E-4	0.992039399880533
4.24E-4	0.245711828073732	3.24E-4	0.961205927394383	5.24E-4	0.995176224965832	7.24E-4	0.982684549303124
4.22E-4	0.249842131133243	3.22E-4	0.945911930438876	5.22E-4	0.994115393989517	7.22E-4	0.981100799117076
4.2E-4	0.253687880363816	3.2E-4	0.932607520453272	5.2E-4	1	7.2E-4	0.984507471924367
4.18E-4	0.255969823227786	3.18E-4	0.921543466802511	5.18E-4	0.994137774748553	7.18E-4	0.983208025487187
4.16E-4	0.257813110543244	3.16E-4	0.904617891887785	5.16E-4	0.993700073712055	7.16E-4	0.988450375572399
4.14E-4	0.259839038039425	3.14E-4	0.887251487333097	5.14E-4	0.990268697547219	7.14E-4	0.983592356521894
4.12E-4	0.262394216842074	3.12E-4	0.87519239210604	5.12E-4	0.988036283622197	7.12E-4	0.984612257870226
4.1E-4	0.266728475448844	3.1E-4	0.858289178187651	5.1E-4	0.987708949434366	7.1E-4	0.977208682935804
4.08E-4	0.272367274985918	3.08E-4	0.842334308681612	5.08E-4	0.984730806846255	7.08E-4	0.971984506559104
4.06E-4	0.275258205623876	3.06E-4	0.825503973074985	5.06E-4	0.985365901592794	7.06E-4	0.963384711694621
4.04E-4	0.274354911262183	3.04E-4	0.807751293484077	5.04E-4	0.984490599964144	7.04E-4	0.96091436790296
4.02E-4	0.275647541363087	3.02E-4	0.793919917454278	5.02E-4	0.982455717353997	7.02E-4	0.953481112264014
4E-4	0.279531181938092	3E-4	0.777842324671353	5E-4	0.981469633972305	7E-4	0.950031168117162
3.98E-4	0.284550239289679	2.98E-4	0.755188187699756	4.98E-4	0.973611719694399	6.98E-4	0.941166862429084
3.96E-4	0.281331741890447	2.96E-4	0.730916387734453	4.96E-4	0.965449882554509	6.96E-4	0.931212473246629
3.94E-4	0.280684665191112	2.94E-4	0.706589562474676	4.94E-4	0.961930714026578	6.94E-4	0.925160985243561
3.92E-4	0.282285629535223	2.92E-4	0.675910942844136	4.92E-4	0.953375461095751	6.92E-4	0.922275257194542
3.9E-4	0.280841356084792	2.9E-4	0.647543122468112	4.9E-4	0.953279302768007	6.9E-4	0.91868434028113
3.88E-4	0.287141629016992	2.88E-4	0.6232459288743	4.88E-4	0.949974524269652	6.88E-4	0.907555968868959
3.86E-4	0.290853880328285	2.86E-4	0.596832284867141	4.86E-4	0.941646077478056	6.86E-4	0.901113844346183
3.84E-4	0.290640451306608	2.84E-4	0.567452077460557	4.84E-4	0.936191120868836	6.84E-4	0.90571633929457
3.82E-4	0.296235751422362	2.82E-4	0.543321311278976	4.82E-4	0.929411985931108	6.82E-4	0.901827721773136
3.8E-4	0.300736322681116	2.8E-4	0.51650737075013	4.8E-4	0.931128456876396	6.8E-4	0.893843864710557
3.78E-4	0.307312664265201	2.78E-4	0.495746424742893	4.78E-4	0.924560614781893	6.78E-4	0.880052117390773
3.76E-4	0.313950351383444	2.76E-4	0.473380947740287	4.76E-4	0.915793439238777	6.76E-4	0.876441130598865
3.74E-4	0.322344059081507	2.74E-4	0.449262039414525	4.74E-4	0.906997575166736	6.74E-4	0.865970692240918
3.72E-4	0.332310356265814	2.72E-4	0.424634361292822	4.72E-4	0.90113061224681	6.72E-4	0.855803282139121
3.7E-4	0.340967044942607	2.7E-4	0.404902202292019	4.7E-4	0.896455116097935	6.7E-4	0.853655587324278
3.68E-4	0.349701723283117	2.68E-4	0.38023803425813	4.68E-4	0.893230116837634	6.68E-4	0.850254134582933
3.66E-4	0.35896762265073	2.66E-4	0.357215322771088	4.66E-4	0.885599281318059	6.66E-4	0.844415527560152
3.64E-4	0.371389752362903	2.64E-4	0.339746031321915	4.64E-4	0.877296934969913	6.64E-4	0.838481511972468
3.62E-4	0.377743918140134	2.62E-4	0.317164475407682	4.62E-4	0.867064024604263	6.62E-4	0.833064994126279
3.6E-4	0.393546422153141	2.6E-4	0.295877896221305	4.6E-4	0.863436426318845	6.6E-4	0.827149419602958
3.58E-4	0.404352746366556	2.58E-4	0.276164278975782	4.58E-4	0.848015172029927	6.58E-4	0.818167555397218
3.56E-4	0.415885496637507	2.56E-4	0.259364931571276	4.56E-4	0.838696851225515	6.56E-4	0.806738894458291
3.54E-4	0.429352137052363	2.54E-4	0.244586794361592	4.54E-4	0.83336179253176	6.54E-4	0.792502980857908
3.52E-4	0.439180384296729	2.52E-4	0.229511969493278	4.52E-4	0.824288624764172	6.52E-4	0.77728619767041
3.5E-4	0.449818982938599	2.5E-4	0.214424119601792	4.5E-4	0.814853760828815	6.5E-4	0.772128637232535
3.48E-4	0.459409559201151	2.48E-4	0.20139725736903	4.48E-4	0.804008202001778	6.48E-4	0.762996570679087
3.46E-4	0.469818340604237	2.46E-4	0.186726722155008	4.46E-4	0.792114916201634	6.46E-4	0.7490005095575
3.44E-4	0.477780997851256	2.44E-4	0.17274795619573	4.44E-4	0.781922757722043	6.44E-4	0.742375513995166
3.42E-4	0.486773914050205	2.42E-4	0.159658999658435	4.42E-4	0.766732838885206	6.42E-4	0.739388675160707
3.4E-4	0.493431075261582	2.4E-4	0.151835808756584	4.4E-4	0.759178016637367	6.4E-4	0.723273898313911
3.38E-4	0.499636242445305	2.38E-4	0.140699544137013	4.38E-4	0.748824960118957	6.38E-4	0.712553607179921
3.36E-4	0.505844954694088	2.36E-4	0.135339567520709	4.36E-4	0.735377425605794	6.36E-4	0.700921413940932
3.34E-4	0.509986874372056	2.34E-4	0.129433595571302	4.34E-4	0.717872162126467	6.34E-4	0.680472137827251
3.32E-4	0.515352349982135	2.32E-4	0.122025899403442	4.32E-4	0.70686720667934	6.32E-4	0.663443920002558
3.3E-4	0.524139080090672	2.3E-4	0.115243331968814	4.3E-4	0.696356051763326	6.3E-4	0.65557793021938
3.28E-4	0.530989303384845	2.28E-4	0.108048088026823	4.28E-4	0.687096241357266	6.28E-4	0.644355998333946
3.26E-4	0.532310120779237	2.26E-4	0.0978539209250815	4.26E-4	0.680981446949951	6.26E-4	0.627459625335587
3.24E-4	0.535981778836952	2.24E-4	0.0896026691212554	4.24E-4	0.674360223976071	6.24E-4	0.615132248739466
3.22E-4	0.543956473003772	2.22E-4	0.0844496034171868	4.22E-4	0.656776116344599	6.22E-4	0.608154580640455
3.2E-4	0.546439407701331	2.2E-4	0.0784558644888776	4.2E-4	0.644212095862874	6.2E-4	0.601475252335611
3.18E-4	0.550931997948242	2.18E-4	0.0750142780892903	4.18E-4	0.631183121860732	6.18E-4	0.594916641277892
3.16E-4	0.559321099614958	2.16E-4	0.0690054629458909	4.16E-4	0.617638898628402	6.16E-4	0.58457224443324
3.14E-4	0.55980927569612	2.14E-4	0.0640491751020949	4.14E-4	0.60527393746081	6.14E-4	0.578398992884782
3.12E-4	0.56250665540547	2.12E-4	0.0616256103654665	4.12E-4	0.595328734595651	6.12E-4	0.56870837141376
3.1E-4	0.573501761894878	2.1E-4	0.0600959278457843	4.1E-4	0.582222230359636	6.1E-4	0.563709053651055
3.08E-4	0.575467277161566	2.08E-4	0.0558091197289136	4.08E-4	0.569617285991258	6.08E-4	0.552599283533947
3.06E-4	0.58392024342086	2.06E-4	0.0537216090570497	4.06E-4	0.55870740775635	6.06E-4	0.545022688137918
3.04E-4	0.593189613220585	2.04E-4	0.0513036989822103	4.04E-4	0.547411589715579	6.04E-4	0.531029012378987
3.02E-4	0.601730879881858	2.02E-4	0.0488970317697862	4.02E-4	0.529340733142224	6.02E-4	0.52030650452219
3E-4	0.613533868400183	2E-4	0.0454413665278326	4E-4	0.511417374757343	6E-4	0.517575373602706
2.98E-4	0.629399148543131	1.98E-4	0.0433858063793761	3.98E-4	0.493582182800399	5.98E-4	0.510582611917437
2.96E-4	0.641200007665589	1.96E-4	0.0397087070944723	3.96E-4	0.474842225126661	5.96E-4	0.498277560677788
2.94E-4	0.65041307515446	1.94E-4	0.0371500491099739	3.94E-4	0.462424693361217	5.94E-4	0.486584119914135
2.92E-4	0.662872678070153	1.92E-4	0.0342959689603089	3.92E-4	0.451296489502687	5.92E-4	0.472868532360288
2.9E-4	0.67574994621395	1.9E-4	0.0315657200771305	3.9E-4	0.444819847390308	5.9E-4	0.459833301110537
2.88E-4	0.697804475511087	1.88E-4	0.0287765365261518	3.88E-4	0.427904131283266	5.88E-4	0.452337092719278
2.86E-4	0.713885126703596	1.86E-4	0.0259446835400601	3.86E-4	0.41331288647404	5.86E-4	0.453508814900849
2.84E-4	0.728681342689366	1.84E-4	0.0225472350942565	3.84E-4	0.403169818829231	5.84E-4	0.44323169484386
2.82E-4	0.746653192015125	1.82E-4	0.0204186682638354	3.82E-4	0.39393523972044	5.82E-4	0.424198263680519
2.8E-4	0.762418829119119	1.8E-4	0.0179520762943002	3.8E-4	0.385203681428577	5.8E-4	0.417660182261969
2.78E-4	0.775658177245682	1.78E-4	0.0151024208196132	3.78E-4	0.367995916531114	5.78E-4	0.410092269761505
2.76E-4	0.789740870032323	1.76E-4	0.0128290683360071	3.76E-4	0.355531524474554	5.76E-4	0.401140931927431
2.74E-4	0.806059182779328	1.74E-4	0.0114230714145003	3.74E-4	0.343231578859015	5.74E-4	0.393627878106403
2.72E-4	0.819443467110159	1.72E-4	0.0100720151177588	3.72E-4	0.337141785079648	5.72E-4	0.386354592307136
2.7E-4	0.833540222315545	1.7E-4	0.00896151091950708	3.7E-4	0.325523725536081	5.7E-4	0.377332534781789
2.68E-4	0.843778576827147	1.68E-4	0.00781117053481504	3.68E-4	0.315268133862064	5.68E-4	0.373557425313963
2.66E-4	0.858559571226638	1.66E-4	0.00690532348688155	3.66E-4	0.297674529733708	5.66E-4	0.362963049830369
2.64E-4	0.872695115925075	1.64E-4	0.00580051674048859	3.64E-4	0.287568669360635	5.64E-4	0.352438708418787
2.62E-4	0.88482468290731	1.62E-4	0.00475703407742684	3.62E-4	0.278034031732425	5.62E-4	0.34350240000554
2.6E-4	0.899995675118826	1.6E-4	0.00361603103154078	3.6E-4	0.268510955936242	5.6E-4	0.334614434101158
2.58E-4	0.909698041325531	1.58E-4	0.00314284208647083	3.58E-4	0.254579303561383	5.58E-4	0.32715238620174
2.56E-4	0.916860956052296	1.56E-4	0.0028074316935594	3.56E-4	0.246903262753045	5.56E-4	0.322633841266199
2.54E-4	0.92083291352709	1.54E-4	0.00285007791278437	3.54E-4	0.234983522298371	5.54E-4	0.310762453563708
2.52E-4	0.930467888145185	1.52E-4	0.00289452268045075	3.52E-4	0.228753215958245	5.52E-4	0.302979793801989
2.5E-4	0.933603962290741	1.5E-4	0.00256100187867544	3.5E-4	0.222028733999006	5.5E-4	0.295818600030041
2.48E-4	0.933392788755332	1.48E-4	0.00280387101375483	3.48E-4	0.21461016940327	5.48E-4	0.288039676303627
2.46E-4	0.944624408630243	1.46E-4	0.00305219315105536	3.46E-4	0.205007413006508	5.46E-4	0.282736191394533
2.44E-4	0.950944053329878	1.44E-4	0.00323934688803299	3.44E-4	0.194126922731907	5.44E-4	0.275691445493738
2.42E-4	0.951621798082629	1.42E-4	0.00418447430675524	3.42E-4	0.185834186582596	5.42E-4	0.276532546649601
2.4E-4	0.953524155020116	1.4E-4	0.00433868834144137	3.4E-4	0.180210624757674	5.4E-4	0.26873642741718
2.38E-4	0.955772370665384	1.38E-4	0.00391637086788426	3.38E-4	0.17112767128577	5.38E-4	0.259547882144903
2.36E-4	0.95534423266696	1.36E-4	0.00338786938863797	3.36E-4	0.165691746898897	5.36E-4	0.25132664278881
2.34E-4	0.956843598392463	1.34E-4	0.00288014658368731	3.34E-4	0.158957769161171	5.34E-4	0.247229124918736
2.32E-4	0.955556736436477	1.32E-4	0.00295480887705969	3.32E-4	0.154616583902366	5.32E-4	0.233576128249883
2.3E-4	0.960154851977109	1.3E-4	0.00233097249488159	3.3E-4	0.149707835042211	5.3E-4	0.221626260772451
2.28E-4	0.962906871253779	1.28E-4	0.00207508562004803	3.28E-4	0.147298831925781	5.28E-4	0.212672521488671
2.26E-4	0.96651807858711	1.26E-4	0.00238972507729176	3.26E-4	0.139546774928598	5.26E-4	0.209037991934249
2.24E-4	0.969841725758492	1.24E-4	0.0022991002681895	3.24E-4	0.132354183049619	5.24E-4	0.203059497106958
2.22E-4	0.974989376662619	1.22E-4	0.00278483216535853	3.22E-4	0.12546034106177	5.22E-4	0.198478703410497
2.2E-4	0.980554933977117	1.2E-4	0.00276316992170717	3.2E-4	0.122711505315707	5.2E-4	0.194441883637371
2.18E-4	0.984845626778526	1.18E-4	0.00304162992235591	3.18E-4	0.117236108129895	5.18E-4	0.193714594361043
2.16E-4	0.992626515871906	1.16E-4	0.00308277939967359	3.16E-4	0.110406327603441	5.16E-4	0.187062056118368
2.14E-4	0.992828466149679	1.14E-4	0.0028160411460126	3.14E-4	0.108027738747311	5.14E-4	0.178743511296168
2.12E-4	0.994512375392498	1.12E-4	0.00293904756568371	3.12E-4	0.108015402879936	5.12E-4	0.173392306977326
2.1E-4	0.997992409622901	1.1E-4	0.00325168180756881	3.1E-4	0.101107432569909	5.1E-4	0.16526632326774
2.08E-4	0.995995976478819	1.08E-4	0.00334928139753867	3.08E-4	0.0976644746757565	5.08E-4	0.16371547905757
2.06E-4	0.995305074330023	1.06E-4	0.00291759244416392	3.06E-4	0.0920914978115866	5.06E-4	0.15845307883706
2.04E-4	1	1.04E-4	0.00305510242037265	3.04E-4	0.0867529288557374	5.04E-4	0.152604687412583
2.02E-4	0.996714163844432	1.02E-4	0.00316443741373585	3.02E-4	0.0837600281546063	5.02E-4	0.148630233031497
2E-4	0.991549961905524	1E-4	0.0024972624326371	3E-4	0.0820047084322927	5E-4	0.141890222716779
1.98E-4	0.986881378327578	9.8E-5	0.00226096749056805	2.98E-4	0.0766758469195187	4.98E-4	0.138403671383565
1.96E-4	0.976562978210922	9.6E-5	0.00147216037928309	2.96E-4	0.0763330832046095	4.96E-4	0.130744384238174
1.94E-4	0.973122702327084	9.4E-5	0.00100031294832448	2.94E-4	0.0733230695431107	4.94E-4	0.130654049401889
1.92E-4	0.965708703702816	9.2E-5	3.80448303720617E-4	2.92E-4	0.0691014090274782	4.92E-4	0.123860287763669
1.9E-4	0.952292951960403	9E-5	4.31249217143113E-4	2.9E-4	0.0686818366713841	4.9E-4	0.12759013146296
1.88E-4	0.943935657481584	8.8E-5	6.71744869162738E-4	2.88E-4	0.0655634885156092	4.88E-4	0.129894876500166
1.86E-4	0.931285512130725	8.6E-5	9.29784448522051E-4	2.86E-4	0.0634287110654975	4.86E-4	0.125036690455077
1.84E-4	0.919829575268941	8.4E-5	0.00111805254808728	2.84E-4	0.0618848048328231	4.84E-4	0.117920989772697
1.82E-4	0.904502133738811	8.2E-5	0.00116394944674088	2.82E-4	0.0600348308573704	4.82E-4	0.118938600361224
1.8E-4	0.892998043502154	8E-5	7.49536299969841E-4	2.8E-4	0.0580713267330146	4.8E-4	0.113044109657766
1.78E-4	0.8757951561046	7.8E-5	5.07904890331441E-4	2.78E-4	0.0544688939792972	4.78E-4	0.102310573303384
1.76E-4	0.856524252745081	7.6E-5	8.7645983159774E-4	2.76E-4	0.0524372429166941	4.76E-4	0.0967130648661878
1.74E-4	0.840016445959435	7.4E-5	0.00112584443715055	2.74E-4	0.0506808318471968	4.74E-4	0.0939201535384208
1.72E-4	0.811823335816948	7.2E-5	9.61461388640088E-4	2.72E-4	0.0497630446117193	4.72E-4	0.0978638611734932
1.7E-4	0.785163349650263	7E-5	8.21807356963901E-4	2.7E-4	0.0469482718118429	4.7E-4	0.0949258069676566
1.68E-4	0.757304556426451	6.8E-5	4.56637383103708E-4	2.68E-4	0.047592588716375	4.68E-4	0.092864255671928
1.66E-4	0.730153968411373	6.6E-5	0	2.66E-4	0.045840913464952	4.66E-4	0.092122336317576
1.64E-4	0.699444289251005	6.4E-5	7.64531031865291E-5	2.64E-4	0.0423938754710023	4.64E-4	0.0872160518115297
1.62E-4	0.667923627062705			2.62E-4	0.0391418484095067	4.62E-4	0.0878422149466161
1.6E-4	0.639829338800335			2.6E-4	0.040054465330014	4.6E-4	0.088869729401475
1.58E-4	0.61486478029368			2.58E-4	0.0389996875949279	4.58E-4	0.090443368874599
1.56E-4	0.584667040148924			2.56E-4	0.0388997211551713	4.56E-4	0.0917074630983733
1.54E-4	0.55652097390361			2.54E-4	0.038249436432825	4.54E-4	0.0905338981265785
1.52E-4	0.527233283188009			2.52E-4	0.0380560210285291	4.52E-4	0.089940853755228
1.5E-4	0.492948425357467			2.5E-4	0.0363671507481024	4.5E-4	0.0903151622815903
1.48E-4	0.459731051036813			2.48E-4	0.033150663242607	4.48E-4	0.088693064491105
1.46E-4	0.428387550774404			2.46E-4	0.0331279268792452	4.46E-4	0.0855770940580835
1.44E-4	0.397681281750582			2.44E-4	0.0309598476660308	4.44E-4	0.0788690884786682
1.42E-4	0.365945644263752			2.42E-4	0.0275485147196094	4.42E-4	0.075660911169944
1.4E-4	0.337338861166707			2.4E-4	0.0271607711823545	4.4E-4	0.0750258268498468
1.38E-4	0.308754310635858			2.38E-4	0.0267276763267187	4.38E-4	0.0720428000071716
1.36E-4	0.280254538813823			2.36E-4	0.0275707759424687	4.36E-4	0.0723923415097122
1.34E-4	0.253397648931513			2.34E-4	0.0265916597932915	4.34E-4	0.0735638471558761
1.32E-4	0.225440537796389			2.32E-4	0.0272656082367503	4.32E-4	0.0741960496997858
1.3E-4	0.196089557554719			2.3E-4	0.0256380591853903	4.3E-4	0.0770445287255796
1.28E-4	0.173794668918396			2.28E-4	0.0239236284314951	4.28E-4	0.0834894800909505
1.26E-4	0.153060683623376			2.26E-4	0.020119350546045	4.26E-4	0.087360071886467
1.24E-4	0.131690934412817			2.24E-4	0.0186832865781016	4.24E-4	0.0855197562358174
1.22E-4	0.117946899040019			2.22E-4	0.0171946616997273	4.22E-4	0.0860000417897832
1.2E-4	0.100979508841449			2.2E-4	0.0165483697380572	4.2E-4	0.0847073730291827
1.18E-4	0.0835146493847908			2.18E-4	0.0158047521695399	4.18E-4	0.0865873046021635
1.16E-4	0.0759023001477029			2.16E-4	0.0155779076289636	4.16E-4	0.0886492126465912
1.14E-4	0.0653800898216331			2.14E-4	0.0150806354983473	4.14E-4	0.0860555226542654
1.12E-4	0.0543182243560554			2.12E-4	0.0147734074427031	4.12E-4	0.0860969578760643
1.1E-4	0.0441651725551266			2.1E-4	0.0145913287523189	4.1E-4	0.0832529591859932
1.08E-4	0.0383901841881693			2.08E-4	0.0140018879851337	4.08E-4	0.0841607620173631
1.06E-4	0.0298587877343589			2.06E-4	0.0134284540061287	4.06E-4	0.0857845892574662
1.04E-4	0.0222499969177033			2.04E-4	0.0140017503367669	4.04E-4	0.0758110094088073
1.02E-4	0.0175347848338682			2.02E-4	0.0135533299032843	4.02E-4	0.0795676081626312
1E-4	0.0121467667344541			2E-4	0.0130357248678828	4E-4	0.0771765798500413
9.8E-5	0.0110500432137014			1.98E-4	0.0137792029376204	3.98E-4	0.0767406401776591
9.6E-5	0.00797117168804254			1.96E-4	0.0144289122928102	3.96E-4	0.072861635036131
9.4E-5	0.0051963184607334			1.94E-4	0.0142805059037157	3.94E-4	0.0685592229506912
9.2E-5	0.00223563331573148			1.92E-4	0.0159366739958448	3.92E-4	0.0704859581596672
9E-5	9.86434091673849E-4			1.9E-4	0.0153274371372977	3.9E-4	0.0693569207800432
8.8E-5	0.00100924054596499			1.88E-4	0.015610968382228	3.88E-4	0.0709653844273457
8.6E-5	0.0011645414991829			1.86E-4	0.0150317507551431	3.86E-4	0.0741819096370147
8.4E-5	0			1.84E-4	0.0176536026225179	3.84E-4	0.0688861551968109
8.2E-5	1.36054686979854E-4			1.82E-4	0.0195515215965803	3.82E-4	0.0729370115636713
8E-5	4.38628641369467E-4			1.8E-4	0.0188338371513516	3.8E-4	0.0682318000494378
7.8E-5	5.31000270697484E-4			1.78E-4	0.0189985190945297	3.78E-4	0.0740109702551053
7.6E-5	2.08382263128796E-4			1.76E-4	0.0204747786296602	3.76E-4	0.0797799425486947
7.4E-5	0.00133422107916429			1.74E-4	0.0217325633985147	3.74E-4	0.0761039989781235
7.2E-5	0.00212361711590473			1.72E-4	0.0201496127030352	3.72E-4	0.0753838527190257
7E-5	0.00258101751507882			1.7E-4	0.0185946756175324	3.7E-4	0.0755328774213083
6.8E-5	0.00275751540412623			1.68E-4	0.0191961025472913	3.68E-4	0.0717369067930502
6.6E-5	0.00342353021417962			1.66E-4	0.0163861434348866	3.66E-4	0.0724548179571925
6.4E-5	0.0034830293684657			1.64E-4	0.0169307462949196	3.64E-4	0.072180152729696
6.2E-5	0.00350934317853668			1.62E-4	0.0183543273209249	3.62E-4	0.0736657399914052
6E-5	0.00456938971149016			1.6E-4	0.0194413716589452	3.6E-4	0.0748234377359269
5.8E-5	0.00554894539493282			1.58E-4	0.0195328619369823	3.58E-4	0.0781257034657521
5.6E-5	0.00643031239990848			1.56E-4	0.018836922429814	3.56E-4	0.0712041916132786
				1.54E-4	0.018680681316506	3.54E-4	0.0716245451248162
				1.52E-4	0.0173605906418087	3.52E-4	0.071857019770248
				1.5E-4	0.0183392104687788	3.5E-4	0.0687866143615118
	0.041423220772809			1.48E-4	0.0188571359290391	3.48E-4	0.0647105325812299
				1.46E-4	0.0184166024447334	3.46E-4	0.0661058562101466
				1.44E-4	0.0201245684708374	3.44E-4	0.0672454719240759
				1.42E-4	0.0213208787753064	3.42E-4	0.0670301650892989
				1.4E-4	0.0201107991707879	3.4E-4	0.0651828486455911
				1.38E-4	0.0193836333584626	3.38E-4	0.0650133373552843
				1.36E-4	0.0198345506633361	3.36E-4	0.0623910168870563
				1.34E-4	0.02144660590236	3.34E-4	0.0619023466878456
				1.32E-4	0.0220445827408486	3.32E-4	0.0665633775783866
				1.3E-4	0.0223366619214529	3.3E-4	0.0696839667323432
				1.28E-4	0.0206739748955493	3.28E-4	0.0661742581774628
				1.26E-4	0.0222295099666882	3.26E-4	0.0685773016907209
				1.24E-4	0.0216827628354079	3.24E-4	0.0653519214723109
				1.22E-4	0.0220311586175658	3.22E-4	0.0702470178898809
				1.2E-4	0.021591995347389	3.2E-4	0.0706907246840371
				1.18E-4	0.0210663509329647	3.18E-4	0.0668861717957038
				1.16E-4	0.021603133501944	3.16E-4	0.0688951994112185
				1.14E-4	0.0219681518871065	3.14E-4	0.0661050520402761
				1.12E-4	0.0224261649296928	3.12E-4	0.0645485766302605
				1.1E-4	0.0224146603731543	3.1E-4	0.0622584853446386
				1.08E-4	0.0223592380832898	3.08E-4	0.0642327981962184
				1.06E-4	0.0212749736851107	3.06E-4	0.065141723099543
				1.04E-4	0.021277990237341	3.04E-4	0.0628501697201465
				1.02E-4	0.0208265212505016	3.02E-4	0.0601360151205732
				1E-4	0.0214564629670278	3E-4	0.0556509306158366
				9.8E-5	0.0204633261457084	2.98E-4	0.0548728296507823
				9.6E-5	0.0199426758876799	2.96E-4	0.0531624313050025
				9.4E-5	0.0200692672845478	2.94E-4	0.0582839595772476
				9.2E-5	0.0199456527541539	2.92E-4	0.0560596883783388
				9E-5	0.0193077211406084	2.9E-4	0.0627971923118946
				8.8E-5	0.0191599752155285	2.88E-4	0.0608723026352483
				8.6E-5	0.0197807895801125	2.86E-4	0.0638992607522828
				8.4E-5	0.0190878095891505	2.84E-4	0.0571837975440444
				8.2E-5	0.0198192890877081	2.82E-4	0.0502198215381755
				8E-5	0.0184437991552432	2.8E-4	0.0514208460129107
				7.8E-5	0.0184162168202741	2.78E-4	0.0478962647945419
				7.6E-5	0.0174898015157008	2.76E-4	0.0467405021579947
				7.4E-5	0.0169361204156484	2.74E-4	0.0524542454957155
				7.2E-5	0.0167968804111575	2.72E-4	0.0511829822960648
				7E-5	0.0170133144635577	2.7E-4	0.0532373967900312
				6.8E-5	0.0178787009248339	2.68E-4	0.0530188107557235
				6.6E-5	0.0177953953152755	2.66E-4	0.0567527554653199
				6.4E-5	0.0193004087748279	2.64E-4	0.0538615122991664
				6.2E-5	0.0198172803531656	2.62E-4	0.0506552170842498
				6E-5	0.0203812450688959	2.6E-4	0.0531259187214379
				5.8E-5	0.0203845309312647	2.58E-4	0.0597474924944506
				5.6E-5	0.0205636623834145	2.56E-4	0.0555113389593288
				5.4E-5	0.021214064987447	2.54E-4	0.0502801206579061
				5.2E-5	0.02158078308946	2.52E-4	0.0453493784381975
				5E-5	0.0212688413988313	2.5E-4	0.0416339140965494
					0.204557834557748	2.48E-4	0.037675416061351
						2.46E-4	0.0375810338687326
						2.44E-4	0.0361204092347818
						2.42E-4	0.0332119542927651
						2.4E-4	0.035680308682653
						2.38E-4	0.0337139057254354
						2.36E-4	0.0308093555499746
						2.34E-4	0.0296786797588366
						2.32E-4	0.0309222943412749
						2.3E-4	0.030678737818476
						2.28E-4	0.0316496509821507
						2.26E-4	0.0279850898243411
						2.24E-4	0.0288665489178675
						2.22E-4	0.0273627147332675
						2.2E-4	0.0215612915628553
						2.18E-4	0.019746457895845
						2.16E-4	0.0172288397390943
						2.14E-4	0.0208528441561601
						2.12E-4	0.0182425237155971
						2.1E-4	0.0131900389733406
						2.08E-4	0.0170719217779241
						2.06E-4	0.0171600830339723
						2.04E-4	0.0162656752336863
						2.02E-4	0.0161223125342919
						2E-4	0.0132559502809887
						1.98E-4	0.0190708522082751
						1.96E-4	0.0126643368347447
						1.94E-4	0.0127764848011187
						1.92E-4	0.0113599745231561
						1.9E-4	0.0130771553899218
						1.88E-4	0.0143693765465518
						1.86E-4	0.00997125590922396
						1.84E-4	0.0117101110638508
						1.82E-4	0.0108458093609629
						1.8E-4	0.00693532816320689
						1.78E-4	0.00612956907494137
						1.76E-4	0.00435386204621927
						1.74E-4	0.00550821706563841
						1.72E-4	0.00386751688323581
						1.7E-4	0.00150662483128777
						1.68E-4	0.00567059155419442
						1.66E-4	0.00396821571215263
						1.64E-4	0.00556227331192461
						1.62E-4	0.00509769457170388
						1.6E-4	0.00340267672842632
						1.58E-4	0.00404126766050937
						1.56E-4	0.00277169232179297
						1.54E-4	0.00107365093515072
						1.52E-4	0
						1.5E-4	0.00590011824715156
						1.48E-4	0.00677378115252965
						1.46E-4	0.00772335017855026
						1.44E-4	0.0118468242347224
						1.42E-4	0.0165398788725322
						1.4E-4	0.0165987798811046
						1.38E-4	0.0170780858615009
						1.36E-4	0.0179123373146577
						1.34E-4	0.018058680597677
						1.32E-4	0.0186349475436028
						1.3E-4	0.0191633154714847
						1.28E-4	0.0198033069826465
						1.26E-4	0.0184561457972846
						1.24E-4	0.0160629164833256
						1.22E-4	0.0165947005335047
						1.2E-4	0.0167566829915221
						1.18E-4	0.0191739163825294
						1.16E-4	0.0160372446541719
						1.14E-4	0.0150519462830238
						1.12E-4	0.0163859396669326
						1.1E-4	0.0126200672753586
						1.08E-4	0.0147921128615431
						1.06E-4	0.0161187989757565
						1.04E-4	0.018254607743407
						1.02E-4	0.0182974855899858
						1E-4	0.016671077017666
						9.8E-5	0.0187515458653341
						9.6E-5	0.0199418217206366
						9.4E-5	0.0218987200629293
						9.2E-5	0.0245510512030751
						9E-5	0.0255141345420237
						8.8E-5	0.0273390461994257
						8.6E-5	0.0271579412623675
						8.4E-5	0.0238482153444448
						8.2E-5	0.0219367638414518
						8E-5	0.0186577024976061
						7.8E-5	0.0227666432722811
						7.6E-5	0.0262247799337814
						7.4E-5	0.0223665244401568
						7.2E-5	0.0256673437062573
						7E-5	0.0267362130390558
						6.8E-5	0.0245609063512677
						6.6E-5	0.027365630877479
						6.4E-5	0.0289862236144589
						6.2E-5	0.0287775197838049
